@RELATION Edge_8
@ATTRIBUTE a0 NUMERIC
@ATTRIBUTE a1 NUMERIC
@ATTRIBUTE a2 NUMERIC
@ATTRIBUTE a3 NUMERIC
@ATTRIBUTE a4 NUMERIC
@ATTRIBUTE a5 NUMERIC
@ATTRIBUTE a6 NUMERIC
@ATTRIBUTE a7 NUMERIC
@ATTRIBUTE class {0,1,3,5,7,8,9,10,11,12,13,14,16,17,18,19,25,26,37,58,59,60,61,62,63,64,65,66,81,84,85,87,88,89,90,91,92,93,94,95,102,107,108,109,110,111,112,113,114,117,118,119,121,123,124,125,126,127,128,129,130,131,132,133,134,135,139,140,150,151,152,153,154,155,157,158,159,160,161,162,163,164,165,166,168,169,170,171,172,173,174,175,177,178,179,180,181,184,185,186,187,188,190,192,193,194,195,197,198,199,202,203,204,205,206,207,208,209,210,211,212,213,214,215,216,217,230,231,232,233,234,235,237,239,240,241,242,243,246,247,248,250,254,256,259,272,273,274,275,276,277,278,279,280,281,282,283,285,286,287,288,289,291,292,293,294,295,296,297,298,299,300,301,315,320,321,324,325,328,329,330,332,333,334,336,337,338,339,340,341,342,343,344,345,346,347,348,335,349,350,351,352,353,354,355,356,357,364,379,380,382,383,384,385,386,387,388,389,390,391,392,393,394,403,405,408,409,414,415,420,439,442,443,444,445,446,447,448,449,450,451,452,453,454,455,456,458,480,481,482,483,484,486,487,488,489,490,491,492,493,494,495,496,497,498,513,514,527,542,544,545,546,547,548,549,550,551,552,553,555,559,560,561,562,563,567,577,582,583,584,585,586,587,588,598,599,634,635,658,670,671}
@DATA
16.2141,13.3889,7.8502,13.1931,16.2077,13.7847,5.8292,13.5321,0
16.5413,13.5169,7.6676,12.6066,15.4613,13.7623,6.2162,14.2277,0
17.053,13.6874,7.5306,12.3136,15.0405,13.4531,6.2464,14.6753,0
16.5149,13.3968,7.5935,12.3574,15.2064,13.9701,6.519,14.442,0
16.7549,13.4424,7.3939,12.0754,14.9761,14.0072,6.58,14.7701,0
15.9795,12.4835,6.7479,12.0871,15.872,15.0075,7.1309,14.6917,0
11.8718,10.6269,7.2578,13.6059,19.0001,16.7769,8.2071,12.6535,1
11.9559,10.7582,7.4487,13.6285,18.8466,16.6174,8.1418,12.603,1
11.7623,10.7309,7.4758,13.8464,19.0218,16.5953,8.0949,12.4726,1
11.2535,10.1238,6.8805,14.3868,20.4155,17.2742,7.6183,12.0473,1
11.1898,10.4236,7.4629,14.2975,19.9644,16.967,7.7725,11.9223,1
16.5967,12.7086,6.478,11.6422,15.3051,14.9519,7.1072,15.2102,0
16.9354,13.0402,6.7477,11.6104,15.0183,14.2998,7.0379,15.3103,0
16.888,12.8809,6.622,11.5085,14.937,14.4688,7.2611,15.4336,0
17.4405,13.154,6.5253,11.4474,14.9728,13.948,7.0026,15.5095,0
16.6275,13.23,7.232,12.1151,15.3687,14.3478,6.5099,14.5691,0
17.0879,13.1658,6.7856,11.8406,15.0492,14.1087,6.7161,15.2461,0
17.1885,12.9959,6.5308,11.307,14.7606,14.2906,7.2638,15.6628,0
16.6732,12.465,6.1403,11.2951,15.0565,15.1984,7.491,15.6805,0
17.4929,12.9322,6.2199,11.1977,14.7647,14.2496,7.3459,15.7972,0
18.1243,13.3705,6.3014,10.6431,13.8029,13.914,7.4409,16.403,0
17.5299,13.0505,6.3536,11.1874,14.6256,14.1892,7.284,15.7798,0
11.7223,12.8438,10.4094,16.2983,17.6035,13.083,6.7559,11.284,3
12.1881,13.3478,11.136,15.8593,16.3165,12.8906,6.9169,11.3449,3
11.736,12.937,10.8191,16.4389,17.4103,13.0752,6.6379,10.9457,3
12.8994,13.6076,10.8654,15.3339,15.8629,12.9458,6.8059,11.679,3
12.4409,13.8202,11.4661,16.3364,16.2983,12.4369,6.1074,11.0938,3
12.7876,13.9219,11.6076,15.7571,15.5929,12.3633,6.6751,11.2944,3
12.7137,13.8055,11.3354,16.0286,16.0196,12.4899,6.2324,11.3748,3
13.0147,14.1197,11.6487,15.9831,15.4824,12.1298,6.3621,11.2596,3
12.5209,13.5743,11.2762,16.155,16.2863,12.5209,6.4603,11.2063,3
12.9248,13.4378,10.7572,15.2993,15.8867,12.7277,7.0963,11.8701,3
9.0746,13.2617,9.6997,20.2098,19.5847,12.1655,5.6006,10.4033,3
12.5572,13.8655,11.5185,16.2567,16.3628,12.4135,6.0488,10.977,3
12.958,13.9875,11.3545,15.8496,15.9314,12.364,6.2287,11.3262,3
12.1229,13.1167,10.8786,16.2823,16.8431,12.8468,6.7272,11.1824,3
12.5689,13.6453,11.4763,15.6559,15.8767,12.4978,7.0434,11.2356,3
17.7389,13.4345,6.6665,11.466,14.6562,13.6476,6.839,15.5512,0
18.3282,14.4225,7.643,11.5113,13.8086,12.7661,6.228,15.2923,0
16.6193,12.2364,5.8102,11.1407,15.2077,15.4091,7.7411,15.8355,0
16.8824,13.113,6.8895,11.9139,15.2518,14.3308,6.7048,14.9137,0
16.8496,13.5584,7.5477,12.4823,15.6692,13.691,6.1042,14.0975,0
16.1596,12.69,6.8627,12.2069,15.9134,14.8352,6.7843,14.5479,0
16.4027,12.5179,6.373,11.4786,15.2535,14.9786,7.481,15.5147,0
18.2113,13.894,7.0033,11.3004,14.1328,13.2067,6.6315,15.62,0
17.7828,13.6084,6.8864,11.1797,14.1245,13.7805,6.9952,15.6425,0
13.7275,14.0933,10.9922,14.8104,15.2217,12.359,6.8174,11.9786,3
12.8195,13.3618,10.5934,15.0774,16.1654,13.186,7.0416,11.755,3
12.2558,12.8036,10.3771,14.8546,16.3336,13.4264,8.0542,11.8947,3
12.2809,13.2227,10.8558,15.2675,16.2819,13.0121,7.4691,11.61,3
12.3398,14.9415,10.2945,17.2799,15.942,11.955,5.5557,11.6916,3
11.6064,12.5885,10.2576,15.768,17.2707,13.5909,7.456,11.4619,3
12.6962,13.3136,10.7764,15.2949,16.0825,12.9763,7.2097,11.6505,3
11.8567,13.1773,11.0582,16.3076,16.867,12.9382,6.7038,11.0911,3
12.5972,13.435,10.7849,15.7823,16.4371,12.9938,6.5392,11.4305,3
12.9783,13.4887,10.6328,15.5497,16.2232,12.8179,6.5638,11.7456,3
12.0972,12.5818,10.1711,15.4447,17.0222,13.6672,7.4132,11.6025,3
11.7036,12.446,9.9971,15.4705,17.377,13.8331,7.505,11.6676,3
11.7877,11.8781,9.1664,16.8372,19.9638,14.8609,5.2097,10.2962,5
12.4447,11.239,7.6986,15.1254,19.4457,16.0894,6.232,11.7251,5
13.1978,12.5155,8.928,15.251,18.0094,14.5035,5.8236,11.7712,5
12.5799,11.5423,8.0102,14.7827,18.7954,15.7973,6.5188,11.9734,5
12.5631,12.0462,8.7496,15.4964,18.8669,14.8554,6.0083,11.4141,5
12.9759,10.7022,6.353,13.4278,18.5131,17.3435,7.3488,13.3358,5
13.0844,12.4715,8.9253,15.2223,17.9504,14.7976,5.7953,11.7531,5
12.9026,11.9072,8.1393,15.0953,18.5276,15.161,6.1367,12.1302,5
12.668,13.009,9.99,16.6501,18.8153,13.6884,4.7213,10.4579,5
12.4654,13.1509,10.4736,16.5912,18.0682,13.4613,5.251,10.5383,5
12.3301,12.3876,9.2907,16.58,19.4995,14.3891,4.9785,10.5444,5
17.1386,13.7166,7.5872,11.9514,14.6655,13.6016,6.5165,14.8226,0
16.4658,12.7782,6.6582,11.7277,15.2,14.7781,7.1232,15.2689,0
14.6518,12.2823,6.5404,13.0362,18.351,17.3445,3.324,14.4698,0
17.485,13.6258,7.1642,11.3248,13.9782,13.6407,7.0857,15.6955,0
17.7242,14.0632,7.6396,11.5747,13.9653,13.1909,6.5868,15.2553,0
17.5378,13.3899,6.8355,11.3121,14.2506,13.9545,7.0262,15.6935,0
17.2641,13.1636,6.6567,11.3299,14.5318,14.1452,7.193,15.7158,0
16.2398,12.6275,6.6049,11.9839,15.6202,14.9306,7.0406,14.9525,0
16.8267,12.84,6.6053,11.5421,14.912,14.6036,7.2821,15.3881,0
15.1364,12.7201,7.6609,12.854,16.3309,14.8859,6.693,13.7189,7
14.6893,12.9828,8.4238,13.2713,15.9114,14.6512,6.6737,13.3965,7
14.5458,13.099,8.6968,13.7686,16.1512,14.1828,6.4272,13.1286,7
13.832,12.1298,7.7429,13.8977,17.4543,15.9355,6.2137,12.7941,7
13.273,11.98,7.9372,14.4536,18.1488,15.532,6.1842,12.4911,7
13.9198,12.4559,8.1353,14.008,17.2825,15.1592,6.2649,12.7743,7
13.4126,11.8057,7.6351,13.8801,18.029,16.0134,6.6475,12.5766,7
13.6448,12.0171,7.8006,13.9394,17.6133,15.5671,6.6131,12.8046,7
13.2532,12.2524,8.4969,14.446,17.7113,15.3406,6.2059,12.2937,7
15.0554,13.2646,8.5879,13.2743,15.7706,14.0166,6.6032,13.4274,7
14.0583,12.7564,8.468,14.1228,16.9683,14.6991,6.1586,12.7685,7
13.4463,12.1329,8.1957,14.0916,17.0936,15.3794,6.7999,12.8607,7
14.3266,12.3622,7.8158,13.4997,16.9051,15.2059,6.6294,13.2554,7
14.6256,12.92,8.2902,13.4137,16.2868,14.4566,6.5823,13.4248,7
13.9947,12.7296,8.6118,14.0289,16.8034,14.874,6.2915,12.6661,7
14.068,12.6899,8.4474,14.068,16.8759,14.7475,6.3049,12.7985,7
13.9489,12.3755,8.0699,13.9235,17.2965,14.8836,6.6065,12.8957,7
17.4322,13.616,7.1847,11.7162,14.6559,13.706,6.6303,15.0586,0
17.2734,13.1971,6.6665,11.5269,14.8786,14.3096,6.8108,15.3371,0
16.2525,12.5168,6.4826,11.8484,15.6386,14.8718,7.2012,15.1881,0
15.9409,12.7184,7.0944,12.1464,15.7743,14.8879,6.9965,14.4413,0
17.5206,13.6605,7.172,11.3876,14.2002,13.8933,6.8546,15.3112,0
16.9552,13.0686,6.7846,11.4794,14.8636,14.5195,7.014,15.315,0
16.551,12.8928,6.8628,12.0442,15.5655,14.5097,6.8198,14.7541,0
13.1707,14.2659,11.9111,15.2307,14.8709,11.9791,7.1124,11.4592,8
13.0453,14.4968,12.5221,15.2984,14.4968,11.7553,7.1397,11.2457,8
13.7046,14.9379,12.4881,14.9546,14.2808,11.6124,6.6048,11.4169,8
13.2281,15.0878,13.0219,16.3052,14.6715,11.1186,5.825,10.7419,8
12.9815,15.113,13.2529,15.9949,14.4025,11.2785,6.173,10.8037,8
13.6191,15.237,12.9135,15.6378,14.2437,11.1485,6.1157,11.0846,8
13.3254,15.027,12.8478,15.7524,14.5004,11.3872,6.1942,10.9656,8
14.0712,15.5843,12.9831,15.2249,14.0531,11.0466,5.8983,11.1385,8
13.7277,15.5742,13.1543,15.5648,14.0578,11.0417,5.8547,11.0248,8
13.3149,14.4693,12.1203,15.2393,14.7632,11.8842,6.8936,11.3152,8
12.9773,14.8192,12.7471,16.1257,14.8585,11.3994,6.1676,10.9052,8
13.0154,14.391,12.3499,15.4568,14.66,11.8144,6.966,11.3465,8
13.2707,14.8152,12.5789,15.7367,14.9376,11.546,6.2193,10.8955,8
13.0767,14.6999,12.6549,15.4796,14.5846,11.6719,6.6491,11.1834,8
13.685,15.1607,12.7344,15.279,14.1654,11.3222,6.4062,11.2472,8
13.5155,14.9038,12.6161,15.1858,14.3239,11.5141,6.6985,11.2422,8
13.7415,14.9563,12.3109,15.0156,14.4441,11.6569,6.3999,11.4749,8
12.5858,15.5804,10.4544,18.9735,17.4525,11.0742,3.8706,10.0085,9
13.5951,17.2679,11.5728,18.328,15.3565,10.2388,3.7837,9.8571,9
13.5962,17.4226,11.7442,17.681,15.0108,10.5847,3.9556,10.005,9
13.9234,14.9454,11.8692,15.6528,15.3612,11.7392,5.2879,11.221,9
14.5083,15.1083,11.6917,15.2009,14.8838,11.6591,5.3418,11.606,9
14.2776,14.6435,11.1565,15.3105,15.6686,12.0691,5.3184,11.5558,9
14.4383,15.1087,11.7155,15.2216,14.9501,11.65,5.3802,11.5356,9
16.6256,12.8324,6.6699,11.8555,15.3271,14.7113,6.9246,15.0537,0
17.218,13.6266,7.3569,11.7641,14.5903,13.7562,6.6179,15.07,0
15.8155,12.2804,6.475,11.7042,15.6247,15.4778,7.5491,15.0734,0
16.9124,12.8431,6.4408,11.4302,14.9548,14.7526,7.1877,15.4783,0
17.775,13.0265,6.0371,10.4936,13.8867,14.3374,7.8464,16.5974,0
16.7855,12.7643,6.4818,11.5707,15.12,14.8095,7.1845,15.2836,0
17.433,13.1702,6.5947,11.303,14.5813,14.4221,6.9872,15.5085,0
17.4886,13.2579,6.6696,11.6068,14.9551,14.0699,6.6831,15.2691,0
17.5449,13.2505,6.6748,11.155,14.3162,14.0397,7.2256,15.7934,0
12.1691,13.5908,8.5667,17.7593,21.112,14.2534,2.9466,9.6021,10
12.9009,12.7395,9.5265,15.4713,18.7406,14.1698,5.4962,10.9553,10
12.8676,12.7864,9.6563,15.6379,18.413,14.1811,5.4944,10.9634,10
10.9868,13.0567,8.7035,17.0716,20.8152,15.7333,3.6308,10.0021,10
13.1557,12.7618,9.4152,15.2109,18.1313,14.2431,5.7774,11.3045,10
12.2032,14.3605,9.4939,18.391,18.9622,12.4617,3.7624,10.3651,9
13.6906,14.0512,10.8085,15.2164,15.8313,12.5563,6.1019,11.7437,9
14.2805,15.9986,10.0801,16.2222,15.5464,12.0425,4.4084,11.4213,9
13.2878,13.9409,11.0162,15.2698,15.9229,12.5771,6.363,11.6223,9
13.3008,16.189,10.723,17.7059,15.9356,11.1822,4.3038,10.6597,9
13.8989,14.3902,11.1941,15.6945,15.9958,12.1183,5.3989,11.3094,9
15.0026,11.8632,6.5608,12.8245,17.23,15.6707,6.8485,13.9997,0
17.141,13.3653,6.9893,11.4961,14.5348,14.0906,6.9578,15.4251,0
16.5095,12.8194,6.7463,12.0902,15.6368,14.5564,6.8066,14.8348,0
16.3237,12.9014,7.0316,12.1032,15.3489,14.4031,6.9263,14.9617,0
17.1209,13.5511,7.3436,11.7845,14.7689,13.8591,6.6868,14.8852,0
17.3344,13.3089,6.8592,11.441,14.5528,13.9714,7.0736,15.4588,0
16.2466,12.6982,6.7557,11.998,15.6954,14.8846,6.9318,14.7897,0
17.3013,13.3629,6.9462,11.4794,14.6337,13.96,6.9147,15.4019,0
17.0477,13.4027,7.1206,11.8081,14.8346,14.051,6.7357,14.9995,0
17.7495,13.7599,7.1518,11.7065,14.7003,13.5105,6.3821,15.0393,0
12.9484,14.4456,12.3759,15.9208,14.7594,11.6475,6.6806,11.2218,8
13.2041,14.5738,12.4031,15.2324,14.4378,11.7638,7.0368,11.3483,8
14.0634,15.006,12.3037,14.9661,14.1012,11.5285,6.401,11.6301,8
13.8966,15.0286,12.3559,15.0327,14.291,11.5795,6.2934,11.5223,8
13.6417,15.0973,12.6617,15.1712,14.2474,11.4824,6.3991,11.2993,8
12.6357,14.8672,12.979,16.5771,15.0612,11.3806,5.8341,10.665,8
13.4896,15.2707,13.0758,15.7904,14.3776,11.1938,5.8303,10.9718,8
13.5694,15.1398,12.8726,15.4703,14.2556,11.3254,6.2163,11.1506,8
14.265,15.6674,12.9671,15.2986,13.7046,10.7314,6.0306,11.3353,8
14.5103,15.233,12.2198,14.4583,13.7342,11.3553,6.571,11.9181,8
13.3828,15.2342,12.9937,16.2047,14.8069,11.1893,5.4911,10.6974,8
13.6695,14.5679,11.9855,14.8928,14.5739,11.7661,7.0087,11.5357,8
13.242,14.5851,12.2744,15.4399,14.5869,11.7615,6.7224,11.3878,8
13.3089,14.4684,12.0723,14.9951,14.4786,11.8831,7.1986,11.5951,8
13.4678,15.0223,12.648,15.9969,15.0311,11.3376,5.5838,10.9125,8
13.5396,14.9258,12.4606,15.2246,14.6187,11.6471,6.3664,11.2172,8
13.8107,15.0947,12.5467,15.0824,14.2284,11.4731,6.4169,11.3471,8
13.5137,15.0499,12.5731,15.628,14.73,11.5071,5.8923,11.1058,8
14.5554,15.6828,12.6807,14.9918,13.8306,11.0458,5.7589,11.454,8
13.4079,11.2433,6.788,13.8678,18.5553,16.5543,6.6973,12.8861,5
13.2435,11.3884,7.1155,14.2636,18.7889,16.5237,6.278,12.3984,5
13.3151,11.575,7.4918,14.3065,18.5865,16.0849,6.3548,12.2854,5
13.2045,11.1298,6.9162,13.9123,18.5253,16.6659,6.9051,12.7407,5
13.5726,11.7904,7.6104,14.1534,17.7948,15.7197,6.6026,12.756,5
12.427,11.2722,7.761,14.8473,19.2111,15.9483,6.6902,11.8429,5
12.3866,11.9123,8.7897,15.5872,18.8419,15.0631,6.124,11.2952,5
13.2926,13.3845,10.1107,16.0569,17.8097,13.2179,5.0898,11.0379,5
11.9423,12.1445,9.2884,16.589,19.7904,14.712,5.14,10.3934,5
13.7121,13.5278,9.9352,15.4406,17.0896,13.3152,5.4336,11.5458,5
16.0015,12.7508,7.0312,12.1975,15.5625,14.953,6.9078,14.5957,0
17.016,12.8709,6.5045,11.4191,14.8924,14.3228,7.3718,15.6024,0
16.0606,12.3824,6.506,11.6208,15.4724,15.2216,7.5693,15.1669,0
17.1404,13.1902,6.9391,11.5573,14.7453,14.0465,7.1382,15.2431,0
18.0403,13.3379,6.3951,10.7852,13.9466,13.9172,7.3999,16.1779,0
17.9011,13.6459,6.9983,11.2424,14.1185,13.5056,7.0353,15.5529,0
18.4201,14.5563,6.9254,10.6337,14.2203,15.8078,3.4144,16.022,0
17.0676,13.2827,7.0251,11.4052,14.3852,14.1007,7.2796,15.454,0
16.6461,13.1209,7.1381,11.7972,14.9191,14.4043,7.0029,14.9713,0
13.0965,12.8026,9.4614,15.5353,18.2112,14.1913,5.5235,11.1782,10
11.9908,15.4233,10.5113,19.4772,18.7999,11.2708,3.3931,9.1337,10
13.3677,13.6138,10.4766,16.0506,17.9177,12.9787,4.9694,10.6255,10
13.9846,13.5184,9.8198,15.1193,17.1371,13.4776,5.3829,11.5603,10
12.6218,14.9303,9.893,17.5603,18.0762,12.8956,3.649,10.3738,10
13.1527,12.8421,9.5245,15.1825,17.9225,14.1349,5.8393,11.4016,10
13.9359,12.4852,8.2514,13.8738,17.0565,15.0758,6.4957,12.8257,7
14.1747,12.6405,8.2223,13.9902,17.1898,14.8423,6.1418,12.7983,7
14.0865,12.4108,8.0001,13.7386,17.0773,15.0741,6.5341,13.0785,7
15.0122,13.6062,8.9461,13.6742,15.9023,13.9237,5.9017,13.0336,7
14.8739,13.0083,8.3118,13.7896,16.5969,14.1758,6.1076,13.1361,7
14.3151,12.8463,8.6069,13.6718,16.1209,14.4158,6.8359,13.1874,7
13.6989,12.0005,7.6789,14.1235,18.0962,15.654,6.1714,12.5765,7
13.9787,12.1743,7.7429,13.1295,16.6003,15.8149,7.1061,13.4533,7
14.0498,12.6341,8.4299,13.6672,16.6202,14.6754,6.814,13.1095,7
14.489,12.8791,8.3489,13.8251,16.4765,14.7364,6.1836,13.0614,7
14.3946,12.7597,8.3021,13.6084,16.5729,14.8226,6.4532,13.0867,7
14.0857,12.8171,8.6028,14.112,16.7282,14.7898,6.1554,12.709,7
14.3406,12.6505,8.1713,13.6308,16.7541,14.8735,6.5393,13.0399,7
13.504,12.0696,7.9826,13.8446,17.3648,15.5426,6.757,12.9347,7
14.2832,13.0788,8.8432,13.9138,16.1885,14.3034,6.3838,13.0054,7
14.4179,12.8149,8.3399,13.7197,16.4432,14.4806,6.5003,13.2835,7
14.3117,12.821,8.47,14.1476,17.2504,14.2867,6.0699,12.6427,7
14.1742,12.2651,7.8195,13.5818,16.9638,15.0493,6.8313,13.3152,7
14.5656,13.1353,8.6394,13.6352,16.4119,14.3546,6.218,13.04,7
13.5283,11.958,7.8117,13.8018,17.3018,15.7426,6.9516,12.9042,7
9.2149,10.9005,9.3152,15.6487,21.0738,15.3363,7.8764,10.6343,11
10.6122,11.9142,10.0235,15.177,18.4958,14.1572,8.2889,11.3312,11
11.1941,12.5304,10.6676,15.4202,17.2864,13.58,8.0437,11.2775,11
11.162,12.2008,10.1047,15.0169,17.6865,13.897,8.316,11.616,11
10.5884,12.2211,10.351,15.9298,18.659,13.9602,7.4157,10.8748,11
11.2978,12.8886,10.9424,16.187,17.1353,13.0438,7.4317,11.0733,11
11.5521,12.8129,10.8206,15.7651,16.951,13.2423,7.6639,11.192,11
11.6875,13.0272,11.0694,16.024,16.6241,12.8575,7.6381,11.0722,11
11.6063,12.8578,10.8886,15.486,16.6013,13.1257,7.9848,11.4495,11
11.4516,13.2524,11.4055,16.6351,16.624,12.5288,7.1262,10.9765,11
11.9853,13.354,11.2272,17.7233,18.2615,12.5409,4.9799,9.9279,12
12.8557,14.0483,11.5973,16.4315,16.6161,12.4334,5.4008,10.6169,12
12.9232,14.1014,11.7433,16.2912,16.4612,12.285,5.6367,10.5581,12
11.552,13.7905,12.2258,18.2039,17.7098,12.1622,4.9375,9.4183,12
12.2744,13.9335,11.9735,17.1432,16.8957,12.1996,5.4545,10.1257,12
12.9712,14.0557,11.475,16.701,16.6518,12.3076,5.1584,10.6793,12
12.8584,13.7748,11.2228,16.3229,16.5085,12.4369,5.854,11.0217,12
13.5138,15.0135,12.4582,16.1979,15.3579,11.3832,5.2813,10.7943,12
13.1239,14.6791,12.0783,16.4156,16.1242,11.9173,5.067,10.5945,12
13.3626,14.7876,12.2272,16.433,15.8831,11.7235,5.039,10.544,12
13.341,14.3282,11.701,16.1871,16.1617,12.0392,5.5456,10.6963,12
12.6789,14.3393,12.0465,17.3201,16.9799,11.9482,4.7495,9.9375,12
12.6644,13.7945,11.3475,16.5457,16.7575,12.5065,5.7219,10.6621,12
12.0824,13.944,12.0238,17.9273,17.3484,12.0467,4.8019,9.8256,12
12.6007,14.0877,11.8591,16.8559,16.6405,12.0028,5.4899,10.4634,12
13.0516,14.1712,11.5709,16.1743,16.419,12.3954,5.4973,10.7204,12
11.7865,13.7386,11.874,18.7096,18.3495,11.9346,4.2609,9.3464,12
13.0142,14.4279,12.0149,16.4866,16.076,11.9103,5.5097,10.5605,12
12.3295,14.2142,12.2865,17.5568,16.7989,11.7989,5.144,9.8711,12
16.1721,12.9893,7.3281,12.3425,15.6854,14.5029,6.6658,14.314,0
16.5383,13.0697,7.1759,12.406,15.6557,13.9359,6.6804,14.5381,0
16.805,12.9919,6.761,11.5792,14.7897,14.4647,7.1886,15.4198,0
16.8705,13.1284,6.8318,11.5448,14.7982,14.4664,6.9866,15.3732,0
17.0604,13.2778,7.0409,11.7765,14.814,13.8959,6.9342,15.2004,0
16.8107,12.8114,6.543,11.5839,15.1839,14.6177,7.181,15.2684,0
15.8477,12.7359,7.1291,12.4559,16.0745,14.7206,6.7569,14.2794,0
18.235,13.8343,6.8764,10.967,13.718,13.4233,6.9889,15.9571,0
11.1438,12.1512,10.0272,15.0561,18.0076,13.9794,8.1683,11.4663,11
10.5722,11.6359,9.4667,15.6427,19.6206,14.6289,7.3973,11.0357,11
10.3368,11.9419,10.0142,16.0101,19.3396,14.2083,7.2913,10.8579,11
10.3663,11.783,9.8969,15.3737,18.8503,14.5021,8.0196,11.2081,11
11.0697,12.2958,10.1479,15.5796,18.2639,14.0557,7.3669,11.2206,11
10.7889,12.2049,10.0445,15.9395,18.7594,14.0614,7.1462,11.0551,11
11.258,12.7447,10.5404,16.1472,17.8147,13.445,6.9227,11.1274,11
11.8509,12.9357,10.6739,15.8168,16.8841,13.1626,7.2306,11.4454,11
12.2687,13.7585,11.6114,17.4054,17.4829,12.3934,5.049,10.0307,12
12.2594,13.4915,11.2961,16.0651,16.6945,12.673,6.6808,10.8396,12
12.2707,14.4124,12.5801,17.6556,16.8261,11.7309,4.7858,9.7384,12
12.5951,14.3247,12.0758,16.9988,16.8321,12.0323,4.9979,10.1432,12
12.4577,14.7735,13.0817,18.1087,16.7333,11.179,4.3679,9.2982,12
13.8659,14.8588,11.9944,15.6113,15.182,11.7574,5.5928,11.1374,12
12.9479,14.5588,12.4068,16.9616,16.3202,11.64,5.0354,10.1293,12
14.2475,15.095,12.0242,15.1655,14.7407,11.5891,5.8018,11.3363,12
12.534,14.7423,12.9648,17.4967,15.9868,11.3091,4.967,9.9993,12
11.8169,17.7704,12.7777,19.7649,15.2055,9.9983,3.8518,8.8144,12
13.4774,15.0691,12.5942,16.3914,15.5581,11.2669,5.1644,10.4785,12
13.007,14.3819,11.9826,16.5296,16.0323,11.9292,5.387,10.7503,12
11.7154,13.6555,11.7996,17.7334,17.5358,12.2044,5.2342,10.1218,12
13.4096,15.0835,12.6748,16.3162,15.3426,11.3227,5.3476,10.503,12
13.2986,14.5605,11.9461,16.1464,15.9447,11.8464,5.4395,10.8179,12
12.8236,14.0287,11.6255,16.3417,16.2618,12.2211,5.897,10.8007,12
12.288,14.2557,12.3942,17.3907,16.628,11.8658,5.2442,9.9335,12
13.0263,14.4042,12.219,16.2582,15.7264,11.8177,5.8593,10.6889,12
11.4846,13.7595,12.1039,18.8513,18.4517,12.0589,4.2527,9.0373,12
12.8002,13.8934,11.5641,16.1462,16.4264,12.4966,5.977,10.6962,12
12.8714,14.2213,11.9157,16.465,16.3543,12.0622,5.6354,10.4746,12
12.9846,14.4264,12.0553,16.5359,16.1637,11.9405,5.446,10.4476,12
16.6519,13.3785,7.5424,12.1784,15.07,13.9838,6.6165,14.5786,0
16.591,12.8931,6.8607,11.6157,14.9939,14.6343,7.2269,15.1844,0
19.433,14.6058,6.815,10.0357,12.9111,14.9753,3.8513,17.3728,0
18.2209,13.825,7.0051,11.3602,14.5661,13.2693,6.6252,15.1281,0
17.5452,13.7087,7.2553,11.2304,13.8624,13.7275,7.0267,15.6438,0
17.6503,13.4116,6.8239,11.1491,13.9282,13.9263,7.2311,15.8795,0
17.1584,12.7778,6.3182,10.9218,14.2622,14.476,7.915,16.1707,0
17.2219,13.049,6.5926,11.399,14.7856,14.3491,7.1119,15.4909,0
19.0374,13.9058,6.6734,10.2197,12.7659,15.0675,3.9831,18.3474,0
14.1061,12.131,7.736,13.2921,16.9034,15.2672,7.245,13.3193,0
14.0974,12.1505,7.7922,13.081,16.3339,15.1787,7.6338,13.7325,0
12.8215,12.5135,7.6838,14.3183,18.2528,16.5251,4.6245,13.2605,0
15.8436,12.7188,7.2422,11.8914,14.9204,14.3671,7.9078,15.1087,0
15.3858,12.1842,6.8878,12.0708,15.6419,15.2036,7.7917,14.8342,0
14.0845,12.3745,8.0613,13.3979,16.6877,14.9732,7.1813,13.2397,0
16.0614,13.7226,8.524,12.5558,14.9223,13.4266,6.7791,14.0082,0
14.074,12.5275,8.383,13.7201,16.559,14.7481,6.9511,13.0372,0
14.2942,12.2526,7.6855,13.4041,16.9379,15.1142,6.9292,13.3823,0
11.5767,22.52,17.8815,21.6917,10.573,6.6069,2.0659,7.0844,13
15.6791,16.9,13.4599,15.3761,13.8569,9.9256,3.9175,10.8849,13
13.751,16.7374,14.7481,17.7448,14.9987,9.9207,2.8893,9.2099,13
13.7546,16.1203,13.7516,17.1034,15.6195,10.8083,3.315,9.5272,13
14.4078,16.3928,13.676,17.3919,15.5339,10.0828,2.8526,9.6622,13
14.698,16.7017,13.8579,16.542,14.635,10.0731,3.4067,10.0857,13
14.2853,16.1063,13.3542,16.513,15.296,10.6433,3.7835,10.0186,13
13.3721,15.7877,13.7114,17.6799,16.0407,10.7494,3.3646,9.2943,13
10.9827,20.5564,16.1398,21.3512,13.2677,8.6886,2.0322,6.9816,13
14.199,16.0356,13.4014,16.3429,14.8392,10.5879,4.2586,10.3355,13
13.9407,16.2715,13.8466,17.3612,15.4273,10.527,3.0168,9.6089,13
14.7943,16.9114,14.047,16.5897,14.7112,9.9943,2.9734,9.9787,13
10.7046,21.6167,17.1922,22.1098,12.3005,7.6424,2.0371,6.3968,13
14.2843,16.9454,14.4466,16.9946,15.091,9.9361,2.907,9.395,13
14.1134,16.8068,14.4317,17.2825,15.162,10.0064,2.7872,9.4101,13
15.222,16.9791,13.8781,16.766,14.8393,9.8117,2.5964,9.9074,13
14.5122,16.4211,13.5385,16.7734,15.3706,10.3421,3.1548,9.8873,13
14.8206,17.0861,14.3372,16.6927,14.4367,9.754,3.0191,9.8535,13
13.5493,20.8084,15.1162,18.2499,11.6721,9.4997,2.3465,8.7579,13
14.5564,16.9715,14.3402,16.8249,14.648,9.9461,2.9648,9.7482,13
14.5465,16.7141,13.9295,16.8164,15.0996,10.2017,2.9253,9.7669,13
13.8705,16.2471,13.9577,16.9711,15.1074,10.475,3.647,9.7241,13
14.4192,16.2708,13.4934,16.7337,15.0205,10.4737,3.461,10.1276,13
14.6901,16.5565,13.7133,16.3986,14.7525,10.3463,3.3795,10.1634,13
14.916,16.4965,13.3402,15.717,14.4066,10.5139,3.9717,10.6382,13
14.3005,16.6019,14.0349,17.3986,15.1365,10.1008,2.8178,9.609,13
14.0066,17.0413,14.8971,17.3137,14.8107,9.77,2.944,9.2167,13
14.94,17.1099,14.1239,16.3802,14.1911,9.976,3.1061,10.1728,13
14.5283,16.6068,13.8318,16.3232,14.7186,10.3963,3.4714,10.1235,13
14.4652,17.2192,14.7023,17.3614,14.6588,9.6053,2.6157,9.3722,13
17.3256,13.2398,6.8464,11.235,14.172,13.9034,7.4699,15.8079,0
17.7513,13.5845,6.9875,11.0995,13.7917,13.6119,7.2256,15.9479,0
17.8987,13.3523,6.5259,10.9195,14.0229,13.8646,7.3387,16.0775,0
16.9333,13.2055,7.0562,11.6687,14.6526,14.0085,7.1031,15.3721,0
17.2336,12.8804,6.328,11.1337,14.6486,14.5032,7.4356,15.837,0
17.2302,13.5096,7.2869,11.7996,14.7058,13.6254,6.7812,15.0612,0
17.5192,13.4031,6.8718,11.2475,14.2753,13.806,7.2436,15.6335,0
16.487,13.0561,7.1529,12.0275,15.0535,14.1757,7.0703,14.9771,0
17.0763,13.8347,7.8601,12.2337,14.7784,13.2697,6.3853,14.5618,0
13.2141,15.5992,13.4668,17.4789,15.5011,10.6547,4.2256,9.8596,14
14.3143,15.9015,13.0795,16.282,14.7658,10.5288,4.6257,10.5024,14
14.2092,16.0794,13.3371,16.6713,14.9587,10.353,4.1713,10.2199,14
13.9806,16.2474,13.9067,16.8552,14.618,10.1287,4.2486,10.0148,14
14.3191,16.105,13.3796,16.457,14.681,10.3279,4.3847,10.3457,14
13.8419,15.7006,13.1668,17.1064,15.372,10.5618,4.1883,10.0622,14
14.6934,16.8096,14.1145,16.4397,14.1313,9.7403,3.8937,10.1775,14
13.5739,15.4053,12.9109,16.4851,15.3768,11.0953,4.8467,10.306,14
13.1992,15.4186,13.2533,17.5057,15.8848,10.7091,4.1712,9.8581,14
13.218,15.6974,13.6924,17.6218,15.5542,10.4992,4.0681,9.6489,14
14.5928,16.2808,13.3802,16.3773,14.6043,10.1511,4.2235,10.39,14
13.8322,15.9586,13.5767,16.9178,14.9452,10.2941,4.3567,10.1187,14
13.7996,15.9953,13.5992,16.9754,15.0902,10.5402,4.0104,9.9896,14
14.2977,16.2174,13.6673,16.4323,14.4433,10.229,4.4388,10.2743,14
13.7397,16.1154,13.8385,16.7562,14.9073,10.3865,4.3486,9.9078,14
14.3841,17.0121,14.6062,17.1084,14.9541,9.7868,2.828,9.3204,13
13.953,16.7692,14.5494,17.4697,15.3209,9.9773,2.8067,9.1537,13
14.8403,17.7501,15.0322,16.7038,14.0416,9.2434,2.7922,9.5963,13
14.9359,17.2666,14.4309,17.5579,15.2596,9.4976,1.9164,9.1351,13
13.6966,16.8582,14.8128,17.5455,15.1922,9.9137,3.0076,8.9734,13
14.8936,16.9231,13.9346,16.4637,14.5769,10.161,3.051,9.996,13
14.2071,16.4288,13.901,16.4784,14.7863,10.3471,3.8807,9.9706,13
14.0728,16.9078,14.745,17.1416,14.6537,9.8897,3.0981,9.4915,13
15.3042,20.2145,13.9541,18.2449,11.8273,8.2116,2.2748,9.9686,13
14.4648,16.5871,13.9135,16.3381,14.699,10.3151,3.6429,10.0394,13
15.0255,17.2187,14.3472,16.684,14.3968,9.6539,2.7972,9.8767,13
13.6077,16.4625,14.3452,17.4973,15.5109,10.4318,2.8191,9.3256,13
14.4693,17.0347,14.4105,16.7677,14.7046,9.8407,3.0993,9.6733,13
14.1309,16.6052,14.193,16.9547,15.0204,10.2466,3.1851,9.664,13
14.3797,16.7078,14.1184,16.882,14.8008,10.1931,3.1605,9.7575,13
13.7524,16.9425,15.0941,17.7337,14.9555,9.6398,2.9896,8.8924,13
14.2765,16.3476,13.6862,17.112,15.4332,10.4685,3.0266,9.6496,13
14.0054,17.0044,14.8677,17.4504,14.8634,9.7489,2.8546,9.2052,13
14.2536,16.8202,14.3678,16.9772,14.914,10.0093,3.0449,9.6131,13
13.4956,15.6614,13.2775,17.2573,15.8943,11.1513,3.5089,9.7537,13
11.549,21.5846,16.9325,20.8431,11.417,8.0853,2.1838,7.4048,13
14.1242,16.2533,13.6189,16.8418,15.4306,10.6455,3.3215,9.7643,13
14.3224,16.0871,13.3028,16.6057,15.024,10.671,3.6514,10.3355,13
12.5351,19.9545,14.8996,18.651,13.1186,10.0417,2.5085,8.291,13
14.3691,17.1148,14.6892,17.0972,14.8384,9.8601,2.6449,9.3864,13
14.4132,17.0218,14.4181,16.9828,14.6667,9.9176,2.8573,9.7226,13
14.495,17.2495,14.6705,17.155,14.4477,9.5936,2.7343,9.6543,13
14.2716,17.7369,15.684,18.0325,14.7068,8.9834,1.8558,8.7289,13
14.3452,16.7046,14.0389,17.0658,15.1303,10.2937,2.858,9.5634,13
14.7372,16.4134,13.2423,16.3019,14.9742,10.5764,3.3907,10.3638,13
14.2291,15.9459,13.1151,17.2662,16.1457,10.7267,2.9847,9.5865,13
13.9977,16.4227,13.9002,17.2748,15.5856,10.3003,3.0068,9.512,13
16.5397,13.1378,7.3834,12.0518,15.2525,14.0711,6.9965,14.5673,0
18.2364,13.4032,6.3692,10.1322,13.8426,16.1146,4.1423,17.7595,0
16.2228,12.7439,6.9614,11.6427,14.8468,14.6876,7.5671,15.3277,0
17.3459,13.0247,6.5333,10.8946,14.1447,14.2772,7.7684,16.0113,0
16.702,12.6595,6.4487,11.4396,15.0619,14.7272,7.4417,15.5194,0
16.9001,12.8128,6.5074,11.234,14.6682,14.4328,7.6136,15.8312,0
17.744,13.6856,7.0774,11.531,14.4513,13.4918,6.724,15.2949,0
12.678,13.7391,11.1326,17.3808,18.2458,12.5396,4.3856,9.8985,14
12.8247,14.0132,11.4654,17.3632,18.1653,12.3731,4.1543,9.641,14
13.128,15.4692,13.4605,17.6025,15.7785,10.6668,4.2482,9.6463,14
13.9919,16.2968,14.0204,16.4765,14.2886,10.1609,4.6354,10.1295,14
13.5972,15.7563,13.4173,17.7312,15.7777,10.3971,3.6756,9.6474,14
14.2286,15.634,12.7533,16.8258,15.6107,10.6219,4.0492,10.2764,14
14.4608,16.1906,13.4026,16.1495,14.31,10.3323,4.5178,10.6365,14
13.1156,16.4573,14.852,18.49,15.5084,9.7438,3.0529,8.78,14
13.6954,15.8314,13.4024,17.4292,15.6679,10.3839,3.8633,9.7264,14
12.9075,15.175,13.2561,17.9503,16.3402,10.8658,3.9938,9.5113,14
13.7424,16.1437,13.8877,17.4238,15.1711,10.1287,3.8265,9.6761,14
13.7138,16.3595,14.2749,17.0572,14.5598,10.0622,4.2214,9.7511,14
13.3196,15.7726,13.7662,17.4853,15.2967,10.4642,4.1304,9.765,14
14.1208,16.0381,13.5246,16.4235,14.4506,10.3898,4.6667,10.386,14
13.9502,16.431,14.1826,17.2879,14.9745,9.958,3.6724,9.5433,14
13.4236,15.6982,13.5223,17.6715,15.7996,10.5517,3.7892,9.5437,14
13.4393,15.5184,13.3793,16.6329,15.0236,10.8679,4.9104,10.2282,14
13.4575,15.3374,13.096,17.1384,15.7444,10.8911,4.3734,9.9617,14
13.1074,16.046,14.2581,18.0756,15.4903,10.1598,3.6634,9.1994,14
13.9295,15.957,13.3816,17.1908,15.1719,10.2239,4.1543,9.9909,14
14.5854,16.5904,13.7288,16.2644,14.2447,10.0107,4.3021,10.2735,14
12.5259,15.4774,13.8185,18.5367,16.5503,10.6472,3.5117,8.9323,14
13.6626,16.1442,13.8788,17.1128,14.9073,10.2724,4.0673,9.9547,14
11.8402,21.1676,16.1747,19.8508,11.4013,9.053,2.3593,8.1532,13
14.9346,16.7724,13.6793,16.1166,14.3005,10.2929,3.477,10.4266,13
9.083,21.6974,18.1369,23.1507,11.8878,7.8622,1.8602,6.3218,13
14.2374,16.3237,13.642,17.0811,15.5854,10.5078,2.9151,9.7075,13
14.3919,16.2343,13.4314,16.1376,14.7905,10.704,3.9294,10.3809,13
13.2812,15.7722,13.7393,17.5477,15.7421,10.9105,3.5945,9.4125,13
14.5288,17.0119,14.3944,17.327,14.9616,9.7559,2.5965,9.424,13
13.8401,15.6052,13.0372,16.373,15.379,11.2817,4.2597,10.224,13
14.1822,16.6391,14.0592,16.8805,15.0059,10.3905,3.1905,9.6521,13
14.6529,17.1701,14.4807,16.8588,14.474,9.7907,2.7557,9.8172,13
13.8847,15.9875,13.4071,17.0492,15.6851,10.9195,3.3569,9.71,13
13.0509,15.9321,14.0747,18.3228,16.4838,10.6663,2.7279,8.7415,13
11.882,21.8251,16.8263,20.3379,11.952,8.0978,2.1802,6.8987,13
13.3985,16.0953,14.0395,17.5624,15.6395,10.6685,3.3615,9.2346,13
14.7195,16.2243,13.1455,15.9594,14.7827,10.7951,3.8161,10.5574,13
14.6256,16.8015,14.0416,16.7626,14.9154,10.0402,2.9891,9.8239,13
14.3617,17.4468,15.2305,18.1028,14.6809,9.0957,2.0745,9.0071,13
9.1419,20.6421,17.1395,23.8179,14.0689,7.5423,1.8447,5.8027,13
10.7065,19.7171,15.2239,21.6622,14.6773,8.9382,2.1622,6.9126,13
10.0594,17.3068,13.1154,20.3018,16.2628,11.5912,2.8426,8.52,13
13.987,16.4203,14.0031,17.4999,15.5944,10.305,2.8562,9.3341,13
13.3264,16.3117,14.4204,17.8305,15.8112,10.4516,2.8515,8.9967,13
14.3698,16.1084,13.0695,16.3769,15.3828,11.0294,3.5147,10.1484,13
14.2258,16.9792,14.5339,16.7497,14.4421,10.1154,3.2188,9.7352,13
13.3854,16.1523,14.2072,17.7309,15.5552,10.5475,3.1749,9.2468,13
14.1334,16.4151,13.9617,17.1697,14.9783,10.225,3.2848,9.8319,13
14.7235,16.3431,13.2577,16.4229,15.0102,10.6304,3.4607,10.1516,13
13.4334,16.4241,14.4404,17.9517,15.9225,10.4389,2.5157,8.8733,13
13.6579,16.9324,14.9903,17.9125,15.3335,9.8686,2.4208,8.884,13
12.8209,23.5182,17.7655,20.3011,10.4913,7.2583,1.6165,6.2282,13
14.3799,16.6898,14.1682,16.6354,14.4524,10.2135,3.4347,10.026,13
10.5452,20.6583,16.3832,20.4192,13.0367,9.8649,2.2065,6.8861,13
13.5211,16.2307,14.1168,17.1175,15.335,10.5697,3.6098,9.4993,13
17.4481,13.426,6.9935,11.373,14.4766,14.0282,7.0025,15.2521,0
17.5753,13.1878,6.5262,11.1827,14.44,13.9465,7.3622,15.7793,0
17.1922,13.4146,7.1975,11.653,14.589,13.7669,6.9751,15.2117,0
16.7125,13.0092,6.9062,11.6382,14.936,14.4968,7.1317,15.1694,0
17.0924,13.2167,6.9091,11.4929,14.4356,14.0786,7.2346,15.5401,0
17.0421,13.1003,6.8216,11.664,15.1014,14.1329,6.9665,15.1711,0
16.7864,13.0818,6.939,11.6056,14.9241,14.456,7.077,15.1301,0
17.6425,13.6347,7.1756,11.4304,14.2238,13.4789,6.9798,15.4343,0
16.8456,12.6289,6.2579,11.3575,15.0704,14.8561,7.381,15.6025,0
16.5149,13.0799,7.1676,11.7848,14.8966,14.4801,7.13,14.9462,0
17.5504,13.3183,6.7851,10.9199,13.8373,13.824,7.6628,16.1022,0
17.8347,13.4874,6.749,11.0983,14.0167,13.6234,7.1967,15.9937,0
17.8523,13.5613,6.4738,10.5851,14.8323,16.6206,3.432,16.6426,0
17.2569,13.1572,6.7078,11.2354,14.2599,14.2439,7.3393,15.7996,0
20.7604,14.6017,6.2992,8.9971,11.5907,14.674,4.1031,18.9738,0
17.5717,14.2698,8.0508,12.055,14.314,12.8632,6.217,14.6585,0
18.1584,14.0557,7.3835,11.1381,13.4732,13.0095,7.0605,15.7212,0
17.41,13.6989,7.3531,11.7511,14.6924,13.7427,6.5141,14.8376,0
16.7053,12.8196,6.6444,11.7587,15.5652,14.6984,6.9177,14.8906,0
20.3813,15.0772,6.967,9.7445,12.3893,13.9913,4.0927,17.3566,0
17.6578,13.6298,7.116,11.434,14.4027,13.6867,6.8534,15.2197,0
12.3707,11.1392,7.6852,13.1214,17.7366,16.3366,8.5062,13.1042,1
12.0065,11.1489,7.973,13.6008,18.1576,16.0456,8.3599,12.7076,1
11.9935,10.8522,7.6125,13.5656,18.5502,16.4189,8.3048,12.7023,1
11.4687,10.3908,7.1203,13.5881,19.1357,17.3321,8.3831,12.5813,1
12.7105,11.0467,7.22,13.5103,18.2845,16.4046,7.8776,12.9457,1
11.714,12.9979,10.7815,17.5018,19.1067,13.4372,4.7437,9.7172,16
12.7403,13.5296,10.792,16.8645,17.988,13.1142,4.6305,10.341,16
13.1292,14.3945,11.8054,16.9919,17.0316,12.2007,4.3269,10.1198,16
13.6627,12.5778,8.7085,15.2794,18.4218,14.1784,5.4752,11.696,16
13.9827,12.8128,8.7428,14.8177,17.5214,14.1703,5.7177,12.2346,16
14.4861,13.5826,9.4981,15.3233,17.3667,13.1285,4.8981,11.7166,16
12.9898,13.4902,10.5796,16.2837,17.5531,13.1872,5.0706,10.8459,16
13.5614,14.2012,11.0174,16.4429,17.5814,12.6067,4.2442,10.3448,16
14.2048,14.4558,11.05,15.7355,16.4847,12.2347,4.7463,11.0881,16
13.3421,14.5781,11.9082,17.0866,17.1526,11.9302,4.0012,10.0011,16
14.7954,14.8288,11.0991,15.5109,16.1673,11.8353,4.5302,11.2329,16
12.7635,13.7263,11.0894,17.0548,17.9526,12.5878,4.6535,10.1722,16
14.5012,14.432,10.7133,15.1275,16.2537,12.526,4.9863,11.4601,16
13.5916,13.1197,9.4885,15.3875,17.6575,13.6659,5.4685,11.6209,16
17.1482,13.4158,7.1593,11.6769,14.6874,13.9884,6.8677,15.0563,0
17.8844,14.0859,7.6134,11.5536,13.9844,13.0702,6.6142,15.1938,0
17.0231,12.6971,6.2165,11.247,14.9236,14.7474,7.4475,15.6978,0
19.6371,14.5878,6.789,9.5858,12.2761,15.2544,3.9921,17.8777,0
17.3563,13.0786,6.5921,10.8023,14.0836,14.1891,7.8133,16.0849,0
20.5202,15.2019,6.8463,9.9514,12.4995,13.8432,4.0799,17.0575,0
17.0627,13.3655,7.2129,11.8382,14.9305,13.8078,6.8538,14.9286,0
17.3025,13.4722,7.1221,11.3687,14.2142,13.975,7.1203,15.425,0
17.8987,14.0436,7.4718,11.4385,13.981,13.2485,6.653,15.2649,0
17.3249,13.2009,6.7777,11.3255,14.5193,13.9961,7.2634,15.5921,0
17.8086,13.6063,6.9813,11.1818,14.1009,13.6011,7.1162,15.6037,0
20.4787,14.8474,6.8995,9.7749,11.9758,13.8336,4.1705,18.0196,0
18.9151,14.8133,7.1991,10.8656,13.9863,14.5153,3.854,15.8513,0
8.8315,14.0591,10.6765,23.4868,21.4505,10.6428,3.0826,7.7702,17
9.1776,14.6142,10.9648,24.0877,20.884,9.6317,2.8329,7.807,17
12.9488,14.3477,11.8028,18.3131,18.3371,11.6611,3.3794,9.21,17
12.7985,14.4469,12.1552,17.938,17.6387,11.6325,3.9535,9.4369,17
12.6882,14.3715,12.0486,18.4539,18.2715,11.7068,3.3781,9.0815,17
12.5511,14.4857,12.3511,18.3531,17.7858,11.5748,3.7346,9.1638,17
13.0265,14.4841,11.9068,17.6246,17.5143,11.8218,3.9682,9.6538,17
13.002,14.4804,11.9193,17.9553,17.9021,11.7689,3.5952,9.3767,17
12.6027,14.4381,12.2997,18.0844,17.4434,11.685,4.0631,9.3837,17
13.0549,14.6063,12.0879,17.9573,17.5802,11.5297,3.7598,9.4239,17
12.5636,14.4688,12.295,18.0573,17.7154,11.7426,3.8798,9.2776,17
12.9563,14.5275,12.0998,17.9573,17.7197,11.5601,3.7226,9.4566,17
17.5161,14.0535,7.8252,11.8147,14.3383,13.1375,6.4795,14.8352,0
16.9364,13.418,7.3926,11.8906,14.8004,14.0283,6.7486,14.7852,0
16.9716,12.9393,6.6179,11.1707,14.567,14.5638,7.5214,15.6483,0
17.1918,13.2718,6.9648,11.4656,14.44,13.8853,7.2691,15.5116,0
17.246,13.0202,6.5684,11.3656,14.8783,14.3824,7.1055,15.4337,0
17.3881,13.3199,6.8555,11.5931,14.7483,13.8866,6.9184,15.2902,0
12.2192,12.0471,8.8787,16.3938,19.9064,14.5581,5.2734,10.7233,16
13.2982,13.2038,9.8964,15.6186,17.8616,13.8104,5.1957,11.1152,16
14.9715,14.8915,10.994,15.4134,15.7796,11.7916,4.5752,11.5832,16
13.7339,13.7554,10.3411,16.3223,17.2956,12.6869,4.7868,11.078,16
13.542,14.7334,11.9634,16.8189,16.5387,11.8201,4.3143,10.2693,16
12.9313,14.1599,11.5636,17.6486,17.9925,12.2745,3.7592,9.6704,16
14.7256,14.4495,10.5339,15.3734,16.2415,12.4771,4.6537,11.5453,16
12.5826,13.2719,10.3743,17.2927,19.3286,13.208,4.0687,9.8733,16
12.9298,13.2655,10.2336,16.401,18.4314,13.5084,4.7675,10.4628,16
13.8874,14.1215,10.7582,15.8776,16.9888,12.591,4.8065,10.969,16
14.1322,13.5047,9.7156,15.1468,17.0774,13.435,5.2869,11.7015,16
12.7432,13.092,10.0358,16.9707,19.0604,13.4537,4.3555,10.2887,16
13.71,13.3881,9.7817,15.4752,17.8581,13.564,5.0198,11.2031,16
14.1121,13.7585,10.1152,15.03,16.5519,12.9695,5.5844,11.8783,16
13.5236,14.6011,11.663,17.1686,17.4997,11.9731,3.7396,9.8313,16
14.2062,14.2329,10.6673,16.319,16.9818,12.3332,4.2847,10.975,16
17.5832,13.3528,6.7181,11.32,14.6614,14.0499,6.9373,15.3772,0
18.2267,13.8346,7.0133,11.0997,13.773,13.2809,6.9219,15.8498,0
17.5378,13.5169,7.0547,11.3328,14.1842,13.6646,7.1729,15.5361,0
19.3324,13.8561,6.2338,9.9762,13.2472,15.2447,4.1063,18.0033,0
17.637,13.4188,6.874,11.3267,14.3619,13.7033,7.1031,15.5753,0
17.4259,13.3734,6.8543,11.5589,14.7678,13.7952,6.823,15.4015,0
17.26,13.6859,7.4525,11.7203,14.4364,13.4749,6.8257,15.1443,0
17.5685,13.5814,7.158,11.383,14.1406,13.4981,7.1354,15.535,0
16.4705,12.9905,7.1145,11.6869,14.8256,14.4582,7.3047,15.1491,0
16.7413,12.8773,6.7378,11.5359,14.8402,14.348,7.4423,15.4771,0
18.1818,13.8489,7.0834,11.0656,13.721,13.0973,7.0799,15.922,0
17.2226,13.2344,6.8809,11.3488,14.5309,13.8959,7.3307,15.5557,0
17.6537,13.0556,6.3406,10.761,13.9946,13.9981,7.8228,16.3736,0
11.3793,13.641,12.0193,18.4629,18.7558,12.4369,4.3011,9.0036,16
11.1779,12.9114,11.1329,18.4145,20.1276,13.2957,4.1662,8.7739,16
13.5307,13.2716,9.8481,15.6965,17.6511,13.4125,5.2246,11.3649,16
14.0078,14.4323,11.0274,16.0686,16.8153,12.3352,4.495,10.8184,16
13.4732,14.5761,11.8385,16.7891,16.628,11.9727,4.4162,10.3062,16
13.6356,14.3948,11.2238,16.2975,16.8088,12.3962,4.4752,10.7682,16
14.4568,13.9812,10.0854,15.2438,16.4934,12.8786,5.0676,11.7933,16
12.4105,14.7884,12.8074,19.1403,17.9779,11.195,2.9414,8.7391,16
13.9472,14.0108,10.4962,16.2818,17.3346,12.5286,4.5452,10.8556,16
12.0064,13.4321,11.1939,17.6233,19.0029,12.9814,4.2494,9.5107,16
12.7259,13.0095,9.9824,16.7465,18.9778,13.559,4.601,10.3979,16
13.4182,12.5886,8.8693,15.5667,18.7407,14.313,5.1827,11.3208,16
13.5638,13.6111,10.0443,16.1022,18.0792,13.3097,4.542,10.7476,16
14.318,14.4355,10.8771,16.0384,16.7917,12.2962,4.3237,10.9193,16
13.7509,14.4103,11.38,16.4819,16.8023,12.0604,4.5151,10.599,16
14.4653,15.0797,11.7417,15.7396,15.7036,11.6505,4.545,11.0746,16
11.9602,14.1206,12.3805,17.7955,17.5111,12.2114,4.4822,9.5385,16
13.8008,13.4388,9.831,15.0809,16.7158,13.5826,5.6407,11.9094,16
17.1112,12.9073,6.6337,11.1151,14.5607,14.3093,7.7038,15.6589,0
20.4608,15.1301,7.0508,9.4381,11.2451,13.9521,4.382,18.341,0
16.6959,13.2827,7.3086,11.9291,14.9194,14.1091,6.9742,14.7811,0
18.0503,13.6177,6.8267,11.024,13.9342,13.6161,7.114,15.817,0
16.5737,12.9603,6.9592,11.777,15.1056,14.4957,7.1266,15.0017,0
17.2715,14.0296,7.9386,12.112,14.6171,13.1643,6.2988,14.568,0
12.1641,13.5047,11.3286,17.0048,17.4544,12.504,5.6112,10.4282,18
11.9654,13.4847,11.5001,17.3895,17.7917,12.4938,5.3413,10.0334,18
11.9268,13.4921,11.5145,17.587,17.9014,12.4481,5.157,9.973,18
11.86,13.6079,11.7206,17.5033,17.3787,12.3489,5.4246,10.1561,18
11.9556,13.7554,11.8568,17.7604,17.5008,12.1139,5.1385,9.9185,18
18.5075,13.4739,6.3263,10.5387,13.6285,13.5608,7.5707,16.3936,0
18.2784,13.4473,6.4538,10.6027,13.6962,13.6429,7.5237,16.355,0
22.1012,14.9926,6.0971,8.899,11.4471,13.3538,4.3385,18.7707,0
20.918,14.7811,6.4957,9.8746,12.0424,13.4349,4.243,18.2102,0
17.1517,13.5459,7.3151,11.9155,14.8415,13.7632,6.6354,14.8316,0
11.5924,13.1082,11.1866,17.3516,17.7671,12.7665,5.8262,10.4015,18
11.6116,13.5256,11.7298,17.8664,17.8607,12.2617,5.2311,9.9131,18
11.8422,13.5498,11.6991,17.368,17.4515,12.3609,5.5616,10.1668,18
11.9958,13.6843,11.7522,17.6993,17.7054,12.2628,5.03,9.8702,18
11.9336,13.6186,11.7582,17.7007,17.7125,12.2308,5.0798,9.9658,18
7.649,13.0767,10.1115,22.6698,22.4546,11.5656,4.3339,8.1389,18
8.0101,13.4135,10.3664,22.9376,21.9549,11.0408,4.3409,7.9358,18
12.2629,13.7751,11.6876,17.06,17.0756,12.2966,5.5021,10.34,18
16.704,13.0071,6.9023,11.6749,15.0485,14.6238,7.0576,14.9817,0
16.6291,12.361,6.0715,11.0729,14.7951,15.2455,7.8804,15.9445,0
16.2457,12.3752,6.3369,11.7343,15.7552,15.2667,7.2447,15.0412,0
19.3036,14.1961,6.5545,9.9547,13.0805,15.0622,4.0596,17.7888,0
17.4114,13.3501,6.8452,11.047,14.0085,13.9986,7.474,15.8653,0
17.1719,13.138,6.7486,11.2944,14.5389,14.2154,7.3086,15.5843,0
16.8194,13.2137,7.1268,11.4283,14.2536,14.3052,7.3992,15.4537,0
16.8017,13.441,7.5774,11.8857,14.5965,13.7986,6.9592,14.9399,0
18.7792,14.3846,6.9005,10.6706,13.7637,15.2224,3.7925,16.4865,0
