

Edge_all      :  76.0683760684  ,  75.641025641
Edge_8        :  62.3076923077  ,  49.8290598291
Edge_12       :  72.6495726496  ,  65.641025641
Edge_16       :  68.8888888889  ,  66.3247863248
Edge_dp_16    :  68.9743589744  ,  68.3760683761
Edge_all_LDA  :  86.9230769231  ,  87.094017094
Edge_8_LDA    :  79.6581196581  ,  60.5982905983
Edge_12_LDA   :  83.9316239316  ,  75.0427350427
Edge_16_LDA   :  83.7606837607  ,  74.188034188
Edge_dp_16_LDA:  82.9914529915  ,  77.4358974359
Gabor_all     :  21.7948717949  ,  52.2222222222
Gabor_4       :  27.5213675214  ,  39.0598290598
Gabor_8       :  18.547008547  ,  37.4358974359
Gabor_16      :  18.7179487179  ,  31.1965811966
Gabor_32      :  17.6068376068  ,  31.6239316239
Gabor_all_LDA :  82.1367521368  ,  83.9316239316
Gabor_4_LDA   :  70.3418803419  ,  44.5299145299
Gabor_8_LDA   :  67.1794871795  ,  46.6666666667
Gabor_16_LDA  :  66.1538461538  ,  40.9401709402
Gabor_32_LDA  :  65.811965812  ,  35.0427350427
GSCM_1        :  8.11965811966  ,  11.1111111111
GSCM_2        :  7.17948717949  ,  12.9914529915
GSCM_3        :  9.1452991453  ,  11.8803418803
GSCM_4        :  10.5982905983  ,  11.452991453
GSCM_5        :  11.2820512821  ,  10.7692307692
GSCM_all      :  8.2905982906  ,  14.4444444444
GSCM_1_LDA    :  64.7863247863  ,  12.3076923077
GSCM_2_LDA    :  62.9914529915  ,  10.1709401709
GSCM_3_LDA    :  66.7521367521  ,  11.7948717949
GSCM_4_LDA    :  67.4358974359  ,  12.6495726496
GSCM_5_LDA    :  66.8376068376  ,  11.3675213675
GSCM_all_LDA  :  78.8034188034  ,  34.7863247863

res1 = results[0:32]
res2 = results[32:]
for i in range(len(res1)): print res1[i][0]," : ",res1[i][1]," , ",res2[i][1]
