16.7382,13.4772,7.4415,12.3759,15.2727,13.8654,6.3228,14.5064,0
11.8369,10.6021,7.1851,13.9081,19.378,16.816,7.84,12.4338,1
17.1344,13.0624,6.5821,11.5114,14.8962,14.3146,7.0384,15.4604,0
12.6352,13.6299,11.1465,15.9526,16.1983,12.5959,6.519,11.3225,3
17.3133,13.4076,6.9226,11.669,14.7856,13.9338,6.732,15.2361,0
12.6687,13.2673,10.5695,15.3522,16.2799,13.0752,7.0524,11.7347,3
12.7965,12.1097,8.6322,15.3749,18.6272,14.9726,5.9045,11.5825,5
16.8526,13.2346,7.0192,11.8438,14.9203,14.1896,6.8027,15.1372,0
14.1398,12.5539,8.2088,13.7751,16.8571,14.9572,6.5309,12.9771,7
16.7077,13.0901,6.9153,11.8667,15.1957,14.443,6.8103,14.9712,0
13.5421,14.9661,12.5912,15.3769,14.3975,11.4597,6.4288,11.2377,8
14.2778,14.878,11.4673,15.3802,15.2838,11.8832,5.3069,11.5228,9
17.0543,13.0929,6.6713,11.5338,14.8364,14.4422,6.9887,15.3804,0
13.3561,12.984,9.4554,15.4359,18.1966,14.0724,5.2967,11.2029,10
14.0173,14.2812,10.8699,15.2686,15.7448,12.3782,5.7395,11.7006,9
16.7097,13.1501,7.0078,12.0026,15.2672,14.3251,6.6795,14.858,0
13.7169,14.9984,12.4686,15.3088,14.3608,11.4567,6.3372,11.3527,8
13.1386,12.1889,8.4581,15.0425,18.3794,15.0408,5.9611,11.7907,5
17.0122,13.1577,6.8335,11.6152,14.7987,14.2928,6.9955,15.2943,0
13.7057,13.5743,10.0634,15.5165,17.3637,13.3373,5.2006,11.2385,10
14.1712,12.6301,8.2711,13.882,16.9216,14.822,6.3923,12.9097,7
11.3103,12.5688,10.5023,15.7076,17.5735,13.5356,7.6227,11.1792,11
12.9599,14.2331,11.7597,16.7849,16.577,12.0529,5.1779,10.4546,12
16.8609,13.1873,6.9745,11.8496,15.012,14.1821,6.8541,15.0794,0
11.1507,12.279,10.0317,15.7078,18.371,13.9873,7.2835,11.1889,11
13.0381,14.4713,12.0606,16.5839,16.1283,11.8506,5.352,10.5152,12
17.194,13.2723,6.8758,11.4799,14.5139,14.1083,7.0612,15.4945,0
14.6964,12.5731,7.8671,13.1068,16.1738,14.7497,7.1247,13.7085,0
14.6463,16.7495,13.9354,16.6792,14.6756,10.1743,3.1787,9.9612,13
17.2922,13.4083,7.0147,11.5559,14.4683,13.826,7.0051,15.4295,0
13.961,16.0339,13.5269,16.8858,14.9949,10.3706,4.1645,10.0624,14
14.6053,16.7363,13.9464,16.7306,14.7369,10.1811,3.1715,9.8919,13
16.9931,13.1322,6.855,11.5464,14.6749,14.1913,7.1958,15.4114,0
13.6044,15.7728,13.4603,17.2342,15.4879,10.5699,4.0646,9.8059,14
14.26,16.4905,13.8716,16.904,15.0172,10.4575,3.2209,9.7784,13
17.139,13.272,6.8983,11.622,14.7574,14.1019,6.9273,15.282,0
17.3322,13.3383,6.8658,11.3932,14.4057,14.0293,7.067,15.5683,0
17.6902,13.7981,7.2571,11.5561,14.3107,13.4854,6.679,15.2233,0
12.2908,10.9432,7.3688,13.5759,18.4566,16.513,8.041,12.8106,1
13.7307,13.7378,10.2994,15.9148,17.37,13.0119,4.8478,11.0876,16
17.4817,13.5471,7.0246,11.4256,14.359,13.8208,6.9159,15.4252,0
17.4494,13.618,7.1713,11.5964,14.453,13.6759,6.7897,15.2462,0
12.8878,14.4485,11.9888,18.0087,17.6936,11.7198,3.7849,9.468,17
17.335,13.4719,7.0453,11.5717,14.5319,13.8728,6.8754,15.296,0
13.78,13.7985,10.3183,16.0201,17.4482,12.9496,4.6891,10.9961,16
17.538,13.4832,6.9152,11.4253,14.3774,13.7409,6.9699,15.5502,0
17.3463,13.3466,6.8885,11.4041,14.3973,13.8512,7.1515,15.6145,0
13.5711,13.9798,10.771,16.3275,17.299,12.6844,4.6082,10.759,16
17.2576,13.4716,7.1079,11.5691,14.4778,13.867,6.9526,15.2963,0
12.0798,13.6594,11.5395,17.5472,17.6161,12.3577,5.1111,10.0892,18
18.0332,13.6543,6.8217,11.0819,13.9373,13.4991,7.1097,15.8627,0
12.0555,13.6615,11.583,17.4958,17.565,12.3556,5.161,10.1227,18
16.9466,13.1632,6.9066,11.5175,14.6329,14.323,7.1451,15.3651,0
14.4409,15.9517,12.8181,16.7022,15.3242,10.5148,3.7834,10.4648,19
17.6266,13.6044,6.9986,11.3826,14.2618,13.7483,6.8919,15.4857,0
14.746,16.6218,13.5878,16.81,14.8741,9.9344,3.3764,10.0495,19
17.1441,13.3707,7.0673,11.5548,14.4805,13.9694,7.0293,15.3839,0
14.742,16.2262,13.0033,16.4648,15.065,10.3511,3.7358,10.4118,19
17.0896,13.1688,6.8096,11.4907,14.6203,14.1923,7.1591,15.4696,0
17.6294,13.2991,6.5854,11.0504,14.112,14.0331,7.3267,15.9639,0
14.3339,12.4321,7.9555,13.3205,16.4824,14.9135,7.129,13.4331,0
14.052,14.3507,10.906,14.5482,15.0497,12.2477,6.6363,12.2094,25
14.1532,14.382,10.9681,14.3781,14.7529,12.1534,6.8817,12.3305,25
14.1679,14.4108,11.0164,14.355,14.7246,12.0994,6.9579,12.2681,25
14.272,14.3982,10.8537,14.2631,14.7921,12.199,6.8256,12.3964,25
14.2117,14.3995,10.9937,14.1829,14.6112,12.1294,7.1109,12.3607,25
14.2551,15.0713,11.7846,16.0116,15.73,11.5052,4.6008,11.0415,26
14.482,14.9286,11.449,15.7142,15.6081,11.6161,4.8642,11.3378,26
13.9658,14.8947,11.7181,16.2202,16.0173,11.6821,4.59,10.9118,26
14.2003,14.8563,11.5159,15.9859,15.9633,11.7155,4.686,11.0767,26
14.099,14.8323,11.5631,15.8549,15.8156,11.752,4.9089,11.1743,26
14.0957,14.4669,10.9856,15.6828,16.359,12.2289,4.9559,11.2254,37
14.2497,14.5852,11.0756,15.5763,16.2204,12.1237,4.9346,11.2345,37
14.4619,14.953,11.3913,15.6669,15.9646,11.8246,4.6198,11.1178,37
14.9428,15.0543,11.1746,15.1165,15.4445,11.7806,4.8851,11.6015,37
14.6927,15.0501,11.3321,15.5612,15.8359,11.7456,4.5515,11.2308,37
17.4773,13.3777,6.8448,11.3321,14.2449,13.906,7.1306,15.6865,0
17.7469,13.2403,6.469,10.9277,13.9871,13.9737,7.5254,16.1298,0
18.0651,13.3627,6.4209,10.807,13.8426,13.7382,7.5,16.2633,0
17.9907,13.3239,6.4357,10.8115,13.7802,13.717,7.6024,16.3386,0
17.9072,12.9787,5.9693,10.7095,14.0928,14.2061,7.7104,16.4259,0
14.2303,12.37,7.7742,14.1771,17.6412,15.0365,5.9611,12.8097,58
14.3487,12.5454,7.9042,13.9831,17.2078,15.0046,6.0388,12.9673,58
13.8539,12.246,7.8351,14.2104,17.7606,15.28,6.0867,12.7272,58
13.9436,12.1845,7.6628,13.8717,17.4292,15.4449,6.4106,13.0526,58
12.3651,13.3156,10.7583,17.0382,18.3702,13.0761,4.9236,10.1529,59
12.3007,13.367,10.9106,17.2258,18.3627,12.9848,4.8367,10.0118,59
12.2698,13.4167,10.996,17.424,18.5288,12.9303,4.604,9.8305,59
12.3848,13.4754,11.0185,17.1985,18.1706,12.8326,4.8781,10.0414,59
13.7238,14.0953,10.9915,14.7814,15.33,12.5715,6.5675,11.9391,60
13.7591,13.8386,10.5623,14.8039,15.8311,12.873,6.4141,11.9179,60
13.5371,13.8487,10.672,15.1432,16.1938,12.8626,6.0988,11.6438,60
13.7263,14.1311,11.0407,14.8225,15.3617,12.5521,6.5142,11.8514,60
13.3241,14.0044,11.0709,16.3833,17.1286,12.4667,4.9719,10.6502,61
13.1599,13.92,11.0663,16.4158,17.1462,12.4953,5.1074,10.6891,61
13.1308,14.0313,11.2543,16.5991,17.1836,12.3623,4.947,10.4917,61
13.5107,14.6895,11.9885,16.7529,16.434,11.6421,4.6493,10.333,61
13.7464,14.3685,11.3877,14.7189,15.1791,12.1975,6.77,11.6319,62
13.4836,13.6959,10.6451,14.806,16.0406,12.8019,6.8509,11.6761,62
13.8413,13.7514,10.4326,14.3603,15.8446,12.8967,6.9267,11.9463,62
14.2086,13.1862,9.1867,14.5889,17.3149,13.8177,5.7398,11.9571,63
14.341,13.0604,8.9173,14.324,17.1634,13.9829,5.9789,12.2321,63
14.0914,12.9686,8.9821,14.4954,17.4205,14.0523,5.9641,12.0256,63
12.797,12.7787,9.5879,14.7538,17.1453,13.8185,7.0463,12.0724,64
12.8023,12.8617,9.6975,14.9495,17.1369,13.657,6.8912,12.0038,64
12.4744,12.5519,9.4875,14.7755,17.4268,14.1369,7.1526,11.9945,64
12.4499,12.8414,9.9262,15.0468,17.2896,13.7899,6.9399,11.7162,64
17.6747,12.9862,6.165,10.8603,14.1709,14.1059,7.7327,16.3042,0
13.6782,12.2789,8.3553,13.0286,16.6095,14.7809,8.1463,13.1223,65
13.9029,12.1943,8.1198,12.9125,16.5919,14.9522,8.0852,13.2414,65
17.2747,12.7741,6.1843,10.7912,14.1253,14.5142,8.0181,16.3181,0
17.7387,13.3407,6.6833,10.8264,13.6835,13.7457,7.7685,16.2132,0
17.9901,13.2601,6.3816,10.5452,13.5391,13.7206,8.005,16.5584,0
17.7933,12.9373,6.0453,10.5922,13.9293,14.2448,7.9439,16.5139,0
17.9677,13.3364,6.5335,10.6346,13.5194,13.6819,7.8754,16.4512,0
17.4841,12.863,6.2171,10.7012,14.0177,14.2873,8.0329,16.3968,0
17.3748,12.791,6.1448,10.8185,14.1927,14.3754,7.9654,16.3375,0
17.5227,13.0806,6.4984,10.7487,13.783,14.0577,7.9998,16.3092,0
17.361,12.772,6.1724,10.6712,13.9815,14.3847,8.1934,16.4638,0
17.5026,12.8836,6.3028,10.5259,13.7537,14.1948,8.3321,16.5044,0
17.1257,13.0032,6.6673,11.0182,14.1909,14.3434,7.7632,15.8882,0
17.5106,13.0132,6.4097,10.9144,14.1354,14.1871,7.746,16.0835,0
16.8296,12.5444,6.1681,11.0989,14.7146,14.9026,7.8335,15.9083,0
16.8804,12.7342,6.485,11.0303,14.332,14.6482,7.9759,15.914,0
17.0311,12.7812,6.4475,11.0301,14.3847,14.4999,7.9139,15.9116,0
16.8601,12.5744,6.2947,10.9815,14.4193,14.7456,8.0977,16.0267,0
17.0955,12.4328,5.9485,10.5852,14.2024,14.7934,8.4635,16.4787,0
17.0216,12.3254,5.8588,10.5117,14.2438,14.9951,8.536,16.5076,0
16.9611,12.6173,6.271,10.7551,14.1571,14.7336,8.2444,16.2605,0
17.3054,12.693,6.1001,10.5674,14.0299,14.6912,8.1915,16.4216,0
17.528,12.8652,6.238,10.4208,13.731,14.3887,8.303,16.5252,0
17.288,12.6231,6.0685,10.5409,14.0354,14.6262,8.346,16.4718,0
17.8796,13.2383,6.4111,10.7564,14.0243,14.0246,7.559,16.1066,0
17.4239,13.212,6.6551,11.116,14.2248,14.1465,7.3608,15.8608,0
12.7611,14.1256,11.6852,16.7265,16.6902,12.1482,5.3207,10.5425,66
13.1213,14.5075,11.9816,16.4403,16.0595,11.8633,5.3345,10.6922,66
14.4494,15.8564,12.8961,16.2631,14.8314,10.6749,4.4382,10.5905,81
14.3237,13.2187,9.0687,14.2014,16.3829,13.6414,6.4074,12.7557,84
14.6632,12.9629,8.5675,12.9958,15.8287,14.1144,7.4438,13.4237,85
14.349,13.8205,10.0541,14.028,15.2575,12.9205,6.8381,12.7323,84
15.4077,13.5067,8.8199,12.7908,15.1302,13.5282,7.1779,13.6385,85
15.1466,13.4457,8.9584,12.9997,15.2578,13.5488,7.2003,13.4427,85
14.7853,13.2539,8.8934,13.0376,15.4999,13.7172,7.4121,13.4007,85
14.7474,13.0741,8.6894,13.1175,15.7801,14.0018,7.2704,13.3192,85
13.8327,14.7122,11.7748,15.0923,14.7225,11.8816,6.3486,11.6352,87
13.7652,14.9386,12.1748,15.5418,14.7857,11.5917,5.883,11.3193,87
13.5697,14.6855,12.0326,15.5724,14.9768,11.7508,6.0948,11.3174,87
12.1683,13.7787,11.8032,16.5916,16.449,12.306,6.2663,10.6369,88
12.0055,13.525,11.5795,16.4095,16.6126,12.5181,6.6265,10.7233,88
12.0986,14.1745,12.2545,17.3817,16.7967,12.0297,5.1756,10.0886,88
13.4273,14.9845,12.462,16.5094,15.6529,11.5283,4.9264,10.5092,89
13.1622,14.8106,12.519,16.4578,15.4947,11.5764,5.3743,10.605,89
13.6331,15.4409,12.9611,16.3486,15.0006,11.1402,4.9098,10.5656,89
13.2974,13.4761,10.4003,14.6818,16.0788,12.9951,7.0124,12.0581,90
13.1994,13.6885,10.8233,15.0259,15.9911,12.6499,6.8557,11.7662,90
13.0838,12.7916,9.4308,15.0548,17.6786,13.9049,6.3495,11.706,90
12.5273,14.4049,12.2048,18.5201,18.093,11.7299,3.4829,9.0371,17
12.6465,14.4952,12.2798,18.3211,17.7828,11.6111,3.677,9.1863,17
14.1092,12.722,8.3582,13.3851,16.3996,14.3737,7.3638,13.2883,91
13.8097,11.7036,7.0786,12.4484,16.5532,15.9315,8.3584,14.1165,91
15.4018,13.7037,8.9232,14.0132,16.2104,13.1761,5.7308,12.8408,92
15.5648,13.7372,8.8955,13.9416,16.0814,13.0455,5.7931,12.9408,92
15.7075,14.7475,10.161,14.8732,15.7977,11.9185,4.7414,12.0531,92
14.8434,17.0367,14.2765,16.1532,13.7602,9.7126,3.9387,10.2787,93
14.8362,17.0905,14.3589,16.1137,13.6293,9.6995,3.9704,10.3015,93
15.1366,17.4081,14.5359,16.133,13.4963,9.4126,3.6508,10.2268,93
12.0108,11.8367,8.8845,15.7892,19.3787,15.0224,6.1117,10.966,94
11.9427,11.5586,8.5211,15.5481,19.5094,15.4116,6.3212,11.1872,94
11.7554,11.3295,8.2598,15.7426,20.1326,15.6972,6.045,11.0378,94
14.5667,15.1733,11.7812,15.398,15.464,11.5383,4.8614,11.2171,95
16.015,16.8719,13.02,15.1482,13.8783,10.1556,3.8211,11.0899,95
13.6921,11.7029,7.2826,14.5003,18.9802,15.2,6.224,12.4178,102
14.9519,11.2945,5.7584,12.2876,17.5461,16.1904,7.57,14.4011,102
17.6009,13.5529,7.1469,11.1681,14.1561,13.8113,7.2362,15.3276,107
17.323,13.2873,6.9979,11.1574,14.1846,14.0137,7.5239,15.5122,107
17.055,13.1129,6.9351,11.2408,14.5225,14.3014,7.5303,15.3019,107
17.6074,13.3798,6.8982,10.9666,14.0226,13.9214,7.5584,15.6456,107
12.8204,12.6718,9.2771,15.9452,18.6609,14.0514,5.4441,11.129,108
12.5957,12.387,9.0852,16.2803,19.2871,14.2765,5.2489,10.8393,108
12.9128,12.8113,9.5511,16.4617,18.8463,13.7125,5.0067,10.6974,108
13.2898,12.9632,9.4315,16.1189,18.6463,13.7193,4.9452,10.8858,108
13.2573,12.5002,8.9949,14.6087,17.6462,14.1436,6.7547,12.0943,109
13.4056,12.6458,9.109,14.7034,17.6355,14.0077,6.5069,11.9861,109
13.5287,12.5319,8.8954,14.0974,17.1212,14.1851,7.1875,12.4527,109
12.9874,11.7548,8.1012,14.1946,18.4172,15.086,7.1489,12.31,109
13.0644,11.3702,7.3772,13.4364,18.2759,16.0736,7.5336,12.8689,110
12.9099,11.0722,7.0993,13.4968,18.6039,16.3915,7.5746,12.8519,110
13.1637,11.4766,7.4239,13.7535,18.3756,15.7777,7.2547,12.7742,110
12.3552,11.1984,7.5622,13.697,18.5934,16.1878,7.7196,12.6864,110
14.2611,13.0504,8.7581,13.6516,15.9815,14.2195,6.8845,13.1933,111
13.9727,12.9393,8.882,13.7466,16.1726,14.3776,6.9177,12.9916,111
14.0271,12.8712,8.7999,13.6128,16.1095,14.398,7.1406,13.0409,111
14.0352,13.0121,8.9415,13.6903,16.1535,14.201,7.0278,12.9387,111
13.4084,12.3628,8.5809,14.1971,17.5559,14.7097,6.8617,12.3234,112
13.3865,12.0943,8.2305,14.0107,17.6576,14.9368,7.1179,12.5656,112
13.5291,12.4115,8.6089,14.0182,17.1438,14.5965,7.1302,12.5618,112
13.3512,12.1785,8.4381,14.0022,17.3309,14.7516,7.3172,12.6302,112
13.8168,11.7969,7.4908,13.4583,17.5962,15.4854,7.1953,13.1602,113
14.0014,12.0979,7.8782,13.5614,17.2992,15.0083,7.1274,13.0262,113
13.7238,12.046,7.8303,13.8456,17.8271,15.2932,6.7366,12.6974,113
13.9405,12.4143,8.2293,13.8913,17.5268,14.7086,6.6471,12.6421,113
12.0003,12.3766,9.4299,15.2959,18.1807,14.3227,6.8266,11.5673,114
11.9138,12.2522,9.3345,15.1614,18.2959,14.5519,6.9159,11.5744,114
11.7145,12.1282,9.2946,15.2313,18.4385,14.5372,7.0736,11.5822,114
11.3914,12.1555,9.4804,15.4336,18.5212,14.4956,7.0658,11.4565,114
15.8032,13.3341,8.0866,13.5881,16.4701,13.6413,5.8385,13.238,117
16.6367,13.3061,7.476,13.0195,16.5107,13.8915,5.6485,13.511,117
15.81,13.0165,7.5609,13.2552,16.503,14.1242,6.086,13.6442,117
15.5787,12.958,7.6609,13.5103,16.8142,14.2075,5.9181,13.3522,117
14.8629,15.5751,12.3643,14.5943,13.6794,11.1138,6.0028,11.8074,118
14.8615,15.504,12.2718,14.6736,13.7786,11.129,5.9962,11.7853,118
14.7529,15.5728,12.413,14.7491,13.8218,11.1162,5.9138,11.6606,118
15.1556,15.872,12.5093,14.4758,13.4157,10.8966,5.8302,11.8448,118
14.6991,15.2509,12.0691,14.4498,13.7248,11.3767,6.4589,11.9708,118
12.8289,11.4922,7.7168,13.3228,17.2805,15.932,8.2088,13.218,119
13.0239,12.5769,9.2279,14.9258,17.8168,14.3349,6.3435,11.7504,121
12.4581,11.759,8.3145,15.5122,19.6118,15.3506,5.7325,11.2611,121
14.3763,15.5335,12.4589,15.8564,15.0657,11.2045,4.6613,10.8434,123
14.471,12.5322,8.0502,12.9197,16.6547,14.5259,7.5282,13.3182,124
12.8917,13.2178,10.257,16.1163,18.0605,13.4192,5.3467,10.6908,125
13.1599,11.4678,7.5397,14.0386,18.29,15.5859,7.2548,12.6633,126
18.6671,15.2901,8.5462,11.7949,13.9407,12.2283,5.3454,14.1872,127
12.2343,10.5084,6.517,14.9154,20.8118,17.1072,6.0271,11.8789,128
14.428,15.5336,12.3622,15.8904,15.1718,11.2296,4.5244,10.8599,123
10.8552,11.1654,8.6961,16.701,21.3188,15.5117,5.6822,10.0696,129
14.6038,16.6339,13.8865,15.5045,13.3292,10.2721,4.8348,10.9352,130
13.454,11.554,7.3995,13.8639,18.1184,15.5935,7.1631,12.8535,126
14.5704,14.3418,10.5391,15.0124,15.7627,12.2278,5.616,11.9298,131
13.8266,15.5961,13.2693,15.9124,14.2063,10.8224,5.5555,10.8115,132
14.3459,12.5215,8.2236,12.6681,16.125,14.4391,8.1308,13.546,124
19.2654,15.2577,8.0874,11.3624,13.71,12.2512,5.4492,14.6168,127
12.2074,13.3472,10.9592,16.9766,18.2105,13.0272,5.1368,10.1351,125
14.6434,16.2311,13.3412,15.072,13.3709,10.6563,5.4043,11.2806,130
16.9005,15.3546,10.1564,13.2482,14.0554,11.5196,5.5202,13.2451,133
14.7151,14.4188,10.5549,14.8017,15.5076,12.2293,5.7178,12.0549,131
12.3315,10.6624,6.6349,14.7217,20.4288,16.8897,6.2544,12.0766,128
14.2224,12.554,8.3036,12.9783,16.4767,14.494,7.7119,13.2591,124
14.983,16.6668,13.6614,15.0414,13.0954,10.3208,5.016,11.2152,130
13.8281,15.6414,13.3359,15.8676,14.123,10.7946,5.6093,10.8,132
13.7176,14.4114,11.4262,15.5495,15.6682,12.1862,5.6884,11.3526,134
13.6921,14.4997,11.5348,15.8326,15.8764,12.0332,5.3882,11.143,134
12.3326,12.8187,10.1031,16.2665,18.4619,13.8217,5.602,10.5935,125
14.4993,15.5601,12.368,15.9198,15.1224,11.1591,4.5214,10.8499,123
16.4235,15.1209,10.2389,13.7088,14.4487,11.6106,5.4941,12.9545,133
13.5124,11.7127,7.6323,13.8054,17.7469,15.3661,7.2776,12.9465,126
12.8618,12.7314,9.7918,15.9064,18.4633,13.674,5.7332,10.8381,135
13.088,12.9859,9.9832,15.9891,18.3282,13.3915,5.528,10.7061,135
13.943,11.7396,7.1788,12.7668,16.7249,15.5714,8.13,13.9455,139
14.3884,13.5228,9.4414,13.3032,15.7131,13.4478,7.2098,12.9734,140
13.5233,11.781,7.5696,12.7883,16.5517,15.4812,8.5094,13.7954,139
13.6692,13.658,10.1883,14.2966,16.0161,13.2118,6.7465,12.2136,140
11.9015,11.3805,8.2057,14.9446,19.2727,15.8728,6.8061,11.6162,150
14.726,16.7985,13.9299,16.3089,14.0886,9.9231,3.8477,10.3773,151
12.3942,13.9134,11.7524,16.8703,16.8158,12.2535,5.601,10.3995,152
14.7843,16.5961,13.5962,15.9394,14.0689,10.2691,4.1492,10.5968,153
14.2538,15.6548,12.7148,16.2624,15.1644,10.9581,4.4352,10.5564,154
17.7381,12.8746,6.05,10.455,14.5102,15.488,7.4314,15.4527,155
11.4946,11.0474,8.0739,14.9631,19.5506,16.21,7.1126,11.5477,150
14.6164,16.7169,13.9167,16.1593,13.9258,10.0481,4.0915,10.5251,151
12.3339,13.9114,11.7864,16.9397,16.8145,12.2216,5.6055,10.387,152
14.6547,16.6362,13.747,16.046,14.0939,10.2376,4.0927,10.492,153
13.9271,15.4306,12.6928,16.4237,15.4277,11.097,4.5787,10.4225,154
17.4661,12.4477,5.5778,10.3708,14.766,16.0864,7.6285,15.6567,155
11.7217,11.3901,8.3381,14.9536,19.2194,15.834,6.9507,11.5924,150
14.5105,16.5719,13.8318,16.2418,14.1737,10.1257,4.1453,10.3993,151
12.6375,14.2327,12.0002,16.8997,16.5427,12.0194,5.3139,10.3539,152
15.2385,17.1854,14.0275,16.3853,14.2457,9.6552,3.1645,10.0978,153
13.9236,15.4297,12.6511,16.4316,15.5443,11.1624,4.4778,10.3795,154
17.5201,12.6528,5.8949,10.3953,14.5433,15.7479,7.6441,15.6015,155
11.4634,10.99,7.9625,15.0489,19.6217,16.2984,7.0404,11.5747,150
14.8563,16.8206,13.8278,15.9739,13.946,10.043,3.9853,10.5471,151
12.2205,13.7506,11.7399,16.5079,16.4732,12.315,6.3627,10.6302,152
14.476,16.1843,13.2842,15.5572,14.0615,10.6702,4.902,10.8646,153
13.9155,15.5937,12.9652,16.2638,14.9954,10.9676,4.8385,10.4603,154
11.5238,11.2427,8.2956,15.0068,19.2681,16.0246,7.0802,11.5582,150
14.5656,16.5892,13.7801,16.1309,14.0733,10.1352,4.2266,10.499,151
12.3182,13.8371,11.7008,16.6662,16.6608,12.3285,5.9403,10.5482,152
14.5791,16.4415,13.534,16.016,14.2429,10.3763,4.2431,10.5671,153
14.0141,15.67,12.9308,16.2865,15.0508,10.9696,4.5927,10.4855,154
17.5673,12.6661,5.8732,10.3514,14.4843,15.6824,7.7006,15.6747,155
12.5469,11.6614,8.17,14.6299,18.7796,15.6757,6.6512,11.8853,150
14.8926,16.7189,13.7031,15.6673,13.6421,10.1869,4.367,10.8221,151
12.3082,13.7532,11.6312,16.4374,16.4556,12.3745,6.3141,10.7259,152
15.2559,17.1924,13.9996,16.4651,14.3145,9.64,3.043,10.0896,153
13.7311,15.3663,12.8445,16.2082,15.0159,11.1352,5.1412,10.5576,154
17.9213,12.9675,5.9829,10.3019,14.125,15.3161,7.5384,15.8471,155
12.2051,11.2913,7.8818,14.6071,19.1897,16.0258,6.924,11.8752,150
15.048,17.0429,14.0124,15.7597,13.5459,9.9051,4.0407,10.6453,151
12.2224,13.6983,11.607,16.5513,16.6421,12.3715,6.2709,10.6365,152
14.8974,16.9959,14.0171,16.8549,14.7023,9.7379,2.9733,9.8212,153
13.571,15.3273,12.8256,16.7719,15.6429,11.1072,4.5515,10.2026,154
17.3055,12.4272,5.6938,10.4773,14.8526,15.998,7.6723,15.5733,155
12.3976,11.5238,8.0699,14.4782,18.7832,15.8173,6.9326,11.9975,150
15.4469,17.3805,14.1602,15.5853,13.2823,9.632,3.8459,10.667,151
12.5197,13.9387,11.7815,16.4404,16.3049,12.2022,6.1345,10.6781,152
15.2509,17.1729,14.0058,16.5323,14.4018,9.6013,3.0105,10.0246,153
13.8981,15.517,12.8504,16.329,15.1959,11.0615,4.7006,10.4474,154
17.8358,12.7591,5.7777,10.263,14.3716,15.6641,7.5568,15.7718,155
11.6304,10.9482,7.7975,14.7243,19.4672,16.4431,7.2267,11.7627,150
14.7278,16.753,13.8842,15.9547,13.8661,10.1168,4.14,10.5575,151
12.3218,13.9,11.832,16.6413,16.409,12.2282,6.0687,10.599,152
15.2297,17.513,14.4803,16.5345,14.0875,9.4071,2.8595,9.8884,153
13.6116,15.4046,12.8873,16.564,15.3592,11.1448,4.6936,10.335,154
17.1462,12.429,5.843,10.5637,14.8832,16.0615,7.6395,15.4339,155
11.6949,11.2226,8.1754,14.8949,19.27,16.0298,7.0684,11.644,150
14.7181,16.4138,13.3859,15.9412,14.2159,10.3801,4.2184,10.7266,151
12.4739,13.893,11.7413,16.3253,16.2554,12.2619,6.2898,10.7593,152
14.7302,16.7502,13.8152,16.1713,14.1548,10.1229,3.8605,10.395,153
13.7598,15.4183,12.8023,16.4887,15.2884,11.1036,4.714,10.4248,154
17.5542,12.7043,5.8877,10.6007,14.87,15.6231,7.3516,15.4084,155
13.0951,12.3573,8.9547,13.0356,16.1122,14.6412,8.7314,13.0725,157
13.3476,12.567,9.1403,12.9064,15.817,14.3717,8.729,13.121,157
13.0138,12.4344,9.0337,14.1838,17.1446,14.4716,7.3531,12.3649,158
14.1862,12.8733,8.5874,14.4212,17.439,14.2071,5.9636,12.3221,158
12.4308,11.1871,7.5568,13.7358,18.1883,16.4759,7.7603,12.665,159
15.1507,12.5775,7.5202,13.0156,16.827,14.7573,6.6518,13.4999,160
14.8684,12.6004,7.7646,13.4166,17.1849,14.7756,6.3447,13.0448,160
13.0272,11.0631,6.9296,12.7823,16.9989,17.1296,8.403,13.6661,159
12.1732,11.9812,9.3215,14.1136,17.0292,14.5832,8.5585,12.2396,161
12.2159,11.9276,9.2202,13.846,16.8676,14.7352,8.7503,12.4373,161
14.2493,15.1073,12.0554,16.2243,15.5816,11.2736,4.7674,10.7411,162
14.3762,15.305,12.2256,16.1428,15.3217,11.1393,4.7126,10.7768,162
12.8051,13.0013,9.9129,15.0683,17.1824,13.7173,6.6881,11.6245,163
12.7413,13.042,10.0776,15.4069,17.3616,13.7095,6.3703,11.2909,163
12.7805,11.3926,7.634,13.5582,18.0888,15.8665,7.9166,12.7629,164
11.7561,11.2173,8.0063,15.575,20.2774,15.9185,6.1444,11.1052,165
13.148,12.8773,9.4022,15.955,18.6758,13.9336,5.0923,10.9157,166
12.7082,12.6066,9.3029,16.4516,19.5001,14.286,4.7217,10.423,166
13.0595,12.2563,8.506,14.1122,17.7312,14.6266,7.1892,12.5191,168
13.3497,12.3343,8.4669,13.8647,17.4971,14.5641,7.2596,12.6635,168
12.4685,11.7622,8.4437,14.3034,18.0598,15.1186,7.6231,12.2206,164
12.1841,11.7363,8.4201,15.4005,19.3568,15.3749,6.1134,11.4139,165
12.2989,13.366,11.3132,14.9519,15.5698,12.6336,8.3524,11.5142,169
12.2746,13.2451,11.1327,14.8276,15.6755,12.8047,8.4323,11.6076,169
14.6532,12.252,7.5828,12.5331,16.0523,15.1724,7.8264,13.9278,170
14.513,12.2876,7.7265,12.8667,16.2886,15.0517,7.5713,13.6947,170
12.1915,12.673,10.0838,15.4298,17.519,13.7243,7.0318,11.3468,171
12.318,12.984,10.4126,15.572,17.1678,13.3344,6.9081,11.303,171
13.8684,12.0869,7.9336,13.3756,16.952,15.152,7.461,13.1704,172
14.0382,12.2988,8.1572,13.3276,16.7695,14.7769,7.486,13.1458,172
14.5679,16.5892,13.854,15.5563,13.3753,10.3104,4.8311,10.9158,130
12.3996,13.0382,10.3598,16.1971,18.0527,13.4901,5.7405,10.7219,125
16.4656,15.8337,11.2272,15.0175,14.5784,10.7549,4.1797,11.9429,173
10.878,11.0317,8.497,16.7345,21.6533,15.7036,5.5205,9.9814,129
12.7665,13.2435,10.3641,16.2952,18.1414,13.3145,5.2542,10.6205,125
12.0349,10.5998,6.7552,14.8148,20.505,16.9225,6.3642,12.0036,128
14.5084,16.3722,13.6392,15.3739,13.3635,10.4691,5.1994,11.0743,130
14.502,15.7063,12.6014,16.0145,15.0622,11.0163,4.3742,10.7231,123
16.6555,15.3909,10.4345,13.6264,14.1269,11.3408,5.4341,12.9908,133
13.7663,15.4573,13.1425,15.8262,14.1956,10.9321,5.776,10.9039,132
13.5404,11.5959,7.4473,13.495,17.5517,15.6429,7.5638,13.163,126
14.3259,14.1979,10.5471,14.9864,15.7977,12.3263,5.8907,11.928,131
12.5942,10.8014,6.6604,14.4971,19.9863,16.7049,6.3924,12.3633,128
16.6467,15.1373,10.0929,13.4796,14.167,11.5227,5.7,13.2539,133
12.232,13.5236,11.0871,16.957,17.8729,12.8901,5.1252,10.3121,174
13.4564,11.5665,7.4119,13.7627,17.8884,15.5691,7.303,13.042,126
13.1908,14.8345,12.7514,15.9087,14.5606,11.3643,6.3959,10.9938,132
14.5003,14.2917,10.5104,14.8465,15.4515,12.271,5.9515,12.1771,131
14.1066,14.9448,11.8975,15.2934,14.9641,11.7107,5.6717,11.4112,123
10.9648,11.005,8.3839,16.6227,21.5589,15.8438,5.5289,10.092,129
18.4581,14.7942,8.0217,11.78,14.4702,12.7839,5.4871,14.2047,127
14.2872,12.355,8.0025,12.8296,16.6417,14.6186,7.8874,13.378,124
16.744,15.4047,10.3922,13.6027,14.0406,11.2829,5.4618,13.0712,133
12.5442,10.7515,6.6284,14.6281,20.2229,16.7785,6.242,12.2045,128
11.1289,11.2084,8.5418,16.6606,21.3746,15.6472,5.3575,10.0811,129
13.2442,14.1736,11.5516,15.4678,15.0918,12.1068,6.6954,11.6689,175
13.9412,14.5872,11.61,15.1381,14.6127,11.8181,6.4049,11.8878,175
13.7251,14.944,12.0554,17.0718,16.9303,11.41,3.8369,10.0265,177
13.7316,14.6076,11.5435,16.7989,17.2735,11.8494,3.9842,10.2113,177
13.4195,12.9198,9.4462,13.7456,16.0387,13.8019,7.8178,12.8104,178
13.2333,12.7695,9.3754,13.8331,16.3879,13.8569,7.8602,12.6837,178
13.6563,11.1117,6.3795,13.0238,17.586,16.9127,7.4441,13.8858,179
13.2702,10.865,6.308,13.1179,17.8735,17.2841,7.5501,13.7312,179
13.7605,12.4335,8.406,13.5387,16.7255,14.8243,7.315,12.9965,180
13.6629,12.2136,8.126,13.7568,17.1429,15.141,7.0192,12.9377,180
13.8455,15.8458,13.1614,17.4235,16.19,10.7149,3.2437,9.5752,181
13.3052,14.7045,12.161,16.2481,16.0734,11.7185,5.2539,10.5355,181
13.2835,11.7539,8.202,12.5465,16.0674,15.4455,9.2075,13.4936,184
13.1544,11.8768,8.6825,12.603,15.6797,15.1506,9.4786,13.3745,184
12.5412,11.8176,8.7441,13.1804,16.7299,14.9783,9.0047,13.0039,185
12.8586,11.9665,8.6535,13.0859,16.5544,14.9688,8.8159,13.0963,185
13.9511,12.3506,8.2597,13.426,16.8851,14.6198,7.4548,13.0529,186
13.4646,12.199,8.4112,13.7616,17.1631,14.6638,7.5188,12.8179,186
11.8759,12.0238,9.099,15.2107,18.3806,14.9465,6.8884,11.5752,187
11.4313,12.883,10.7627,16.7171,18.1252,13.3497,6.1618,10.5692,187
16.5424,12.7327,6.6511,11.8633,15.5288,14.4049,7.2592,15.0176,188
16.4824,12.6866,6.6546,11.8741,15.657,14.5805,7.2085,14.8562,188
12.9247,12.3439,9.6032,13.0507,15.5318,14.1907,9.3924,12.9626,190
13.1116,12.5357,9.6223,13.0777,15.4663,14.0126,9.2072,12.9667,190
12.0638,12.2342,9.3009,15.2296,18.275,14.2792,7.0107,11.6067,192
12.1545,12.2852,9.3507,15.0148,18.0768,14.1835,7.2006,11.7339,192
14.1645,13.5547,9.7204,14.8114,16.7252,13.3276,5.7297,11.9665,193
14.7949,12.6408,7.7236,12.4251,16.1897,14.7122,7.6469,13.8668,194
14.2355,12.5859,8.2805,12.5459,15.914,14.5495,8.2157,13.673,194
13.027,11.674,8.2978,12.2246,15.4236,15.6836,9.7659,13.9034,195
13.0391,11.4582,8.0273,11.9699,15.1821,15.9669,10.1747,14.1819,195
13.3751,12.7662,9.17,13.6713,16.5201,14.3112,7.5922,12.5938,197
13.5477,12.6094,8.9533,13.4634,16.502,14.4997,7.6907,12.7337,197
13.6661,11.0562,6.5013,12.7808,17.455,16.8405,7.8681,13.832,198
13.3964,11.1104,6.708,13.3267,18.075,16.8228,7.2844,13.2763,198
14.2977,15.1725,11.9843,15.9847,15.5363,11.4446,4.7191,10.8607,199
15.794,15.9084,11.7748,15.304,14.9863,10.8257,4.0888,11.318,199
14.8918,15.6833,12.2327,15.8219,15.158,11.0215,4.3365,10.8544,199
14.7222,15.5054,12.1272,15.6172,15.0858,11.228,4.7139,11.0002,199
16.326,13.1254,7.4131,12.4147,16.0184,14.065,6.6056,14.0317,202
12.7403,13.9022,11.2821,17.5112,17.825,12.3233,4.4244,9.9914,203
16.5923,15.8864,11.2026,15.0536,14.5748,10.6515,4.0985,11.9403,173
14.4222,17.0043,14.5804,16.7827,14.2642,9.6587,3.5528,9.7346,204
12.1766,13.2062,10.6913,16.3669,17.6772,13.1792,5.9035,10.7992,174
16.2304,15.7108,11.2175,15.2729,14.8551,10.8593,4.1007,11.7532,173
14.0738,15.8208,13.06,17.0492,15.6317,10.7324,3.5791,10.053,205
14.6006,15.9996,13.1411,15.0454,13.6434,10.7708,5.56,11.2391,206
12.0085,13.4774,11.2175,16.7443,17.5482,12.779,5.7303,10.4948,174
15.0872,11.1246,5.3542,11.6104,16.713,17.2225,7.8811,15.0069,207
16.4295,18.9831,15.7101,15.5899,12.3863,8.1169,2.6544,10.1298,208
16.1674,15.7692,11.3325,15.3448,14.8137,10.8117,4.0669,11.6938,173
11.7855,13.2009,11.0113,16.8556,17.986,13.0448,5.7313,10.3845,174
14.9455,16.0874,12.9658,14.711,13.4471,10.7728,5.5937,11.4768,206
16.0324,18.9196,15.9833,16.0038,12.6238,8.1242,2.5053,9.8076,208
17.2371,16.1495,11.3073,14.8628,14.2713,10.3531,3.9499,11.8691,173
14.0499,15.8328,13.0923,17.0865,15.6468,10.7406,3.5259,10.0252,205
15.0621,11.1504,5.5457,11.8064,16.7382,17.1903,7.7546,14.7522,207
12.7694,13.7854,11.0875,17.3929,17.9393,12.4511,4.4783,10.096,203
12.3264,13.638,11.2722,16.8006,17.4157,12.6909,5.3996,10.4566,174
15.9554,18.8014,15.8922,16.0392,12.7116,8.2164,2.5755,9.8083,208
16.0769,13.06,7.4866,12.5708,15.9033,14.1132,6.6867,14.1026,202
14.0604,15.7143,13.1833,15.6369,14.1865,10.8829,5.4154,10.9204,206
15.044,11.0434,5.2572,11.4316,16.3589,17.4976,8.1024,15.2649,207
14.1968,15.7385,12.82,16.9679,15.696,10.8357,3.5617,10.1835,205
14.4373,17.2712,14.9149,16.9957,14.2254,9.428,3.2046,9.5228,204
12.736,13.686,10.9657,17.4499,18.1561,12.5374,4.4492,10.0197,203
16.0117,18.8273,15.8589,16.0963,12.7542,8.1397,2.5095,9.8023,208
14.8295,14.1983,10.0753,14.7343,16.2582,12.7543,5.2368,11.9133,209
14.8031,14.0912,9.9388,14.6459,16.2523,12.913,5.3418,12.0138,209
14.4386,13.9538,10.0329,15.0902,16.7191,12.8964,5.1943,11.6747,209
14.7323,14.1082,10.0139,14.5992,16.1001,12.9195,5.4724,12.0545,209
14.7999,14.0681,9.9435,14.4066,16.0451,12.9467,5.6469,12.1432,209
14.6774,14.0371,9.9682,14.702,16.3658,12.9218,5.4015,11.9262,209
14.7151,14.1421,10.0988,14.7224,16.2142,12.7915,5.39,11.9259,209
11.7315,12.016,9.6012,14.5023,17.6356,14.4449,8.3268,11.7417,210
11.9378,11.9696,9.4012,14.5408,17.8546,14.5052,8.0705,11.7203,210
14.0476,15.3409,12.3897,16.6594,16.041,11.2233,4.0575,10.2406,211
13.4381,14.9341,12.316,17.1525,16.6916,11.482,4.0873,9.8984,211
16.1045,13.8518,8.699,13.1614,15.5138,12.9494,6.2337,13.4864,212
15.8378,14.1001,9.2349,13.5502,15.5582,12.7343,5.982,13.0025,212
15.7643,13.7849,8.8212,13.0885,15.5774,13.2163,6.4077,13.3398,212
13.979,12.7985,8.7397,14.149,16.7792,14.117,6.6974,12.7402,213
13.925,15.7713,12.9893,17.2952,16.3037,10.8203,3.2613,9.634,181
14.2931,12.8676,8.5597,13.8847,16.5956,14.1427,6.6793,12.9774,213
14.3013,12.8686,8.5778,13.7626,16.5934,14.2062,6.7652,12.9248,213
13.7479,12.4479,8.3606,14.0083,17.4394,14.4712,6.8871,12.6377,214
13.8834,12.6852,8.5718,14.1457,17.4083,14.2189,6.6649,12.4217,214
13.4442,11.8657,7.6846,14.203,18.046,15.1467,6.7438,12.866,215
13.2464,11.8446,7.893,14.2148,17.9575,15.1145,6.9464,12.7829,215
13.8515,13.7954,10.1602,15.5162,16.9354,12.8548,5.2903,11.5961,216
13.4643,13.6792,10.2729,15.2362,16.6243,12.9049,6.0356,11.7827,216
13.2494,11.976,8.0707,14.8124,18.6786,15.1284,6.1251,11.9595,217
12.815,12.0235,8.7637,13.3169,16.4527,14.799,8.7942,13.0349,158
12.5488,12.9689,10.0209,16.9219,18.7829,13.3773,4.8667,10.5126,230
13.4291,13.2863,9.7501,15.7844,17.6451,13.3899,5.3231,11.392,230
11.9892,12.0283,8.5902,14.9531,19.0918,15.0528,6.5961,11.6986,231
11.8579,12.0322,8.6834,14.6932,18.7779,14.9457,7.0856,11.9241,231
12.9936,11.6967,7.8926,14.0088,18.1915,15.6595,7.0879,12.4693,232
13.0883,11.7065,7.8456,13.8209,17.9027,15.7004,7.2603,12.6752,232
12.7499,14.3143,11.9455,16.8055,16.5169,11.9649,5.2587,10.4443,233
12.7314,14.0487,11.57,16.6429,16.7867,12.258,5.3797,10.5826,233
13.6022,14.6931,12.2832,15.1686,14.2895,11.5328,6.9612,11.4693,234
13.3518,14.3445,11.9641,15.2098,14.5669,11.7987,7.2631,11.501,234
15.1726,16.7366,13.5044,15.7453,14.0109,10.1362,4.0103,10.6837,235
14.6249,16.1242,13.0257,16.1508,14.8865,10.6373,4.0429,10.5077,235
16.1826,12.1853,6.1438,11.4405,15.3376,15.5341,7.7966,15.3796,237
15.3734,12.1252,6.6816,12.1024,15.9192,15.5521,7.6121,14.6341,237
13.3647,13.7116,10.8804,14.4085,14.8498,12.6434,7.9005,12.2411,239
14.1801,13.7942,10.1368,14.6347,16.5651,13.0411,5.9667,11.6813,240
14.9716,13.2708,8.6287,13.73,16.7762,13.9246,6.0184,12.6797,241
14.6071,12.7072,8.1266,13.5763,17.2081,14.5476,6.418,12.8092,241
14.3112,12.7866,8.4558,14.054,17.4667,14.4733,6.0806,12.3719,241
12.716,12.7304,9.8557,15.4199,17.6478,13.7851,6.4732,11.3719,242
12.7817,13.127,10.4463,15.606,17.1977,13.2386,6.3818,11.2208,242
13.0217,13.6804,11.1566,15.5477,16.1816,12.5222,6.6073,11.2826,242
13.097,14.4635,12.0027,16.677,16.32,11.8408,5.1533,10.4457,243
13.2053,14.332,11.7236,16.3139,16.1945,12.0202,5.4756,10.7351,243
13.3052,14.6179,12.1943,16.434,15.7794,11.6069,5.4595,10.6029,243
14.3329,12.5953,8.1808,13.6891,17.2394,14.7514,6.4723,12.7388,241
14.5783,16.1414,13.3658,15.2092,13.6587,10.6317,5.3415,11.0734,206
14.1076,16.9909,14.8075,17.1836,14.451,9.6406,3.3273,9.4916,204
16.0431,12.9367,7.3349,12.4963,16.1994,14.3145,6.6666,14.0085,202
12.8329,13.7192,10.9271,17.5288,18.1216,12.5423,4.2899,10.0381,203
14.3426,17.2536,14.9623,17.0238,14.1738,9.4596,3.2437,9.5405,204
14.8796,16.3015,13.3151,15.0466,13.5129,10.5507,5.2207,11.1729,206
14.1689,15.7542,12.8812,16.9802,15.6208,10.808,3.6013,10.1854,205
14.2718,17.3394,15.1866,17.0669,14.0396,9.3556,3.2761,9.464,204
14.7005,10.9412,5.3945,11.6676,16.6763,17.6205,8.0687,14.9307,207
15.972,13.021,7.5113,12.6419,16.2101,14.1923,6.5914,13.8601,202
15.7681,13.0227,7.682,12.792,16.3161,14.2336,6.514,13.6715,202
12.7366,13.8117,11.1639,17.5492,17.9891,12.4208,4.3669,9.9618,203
14.3553,16.0258,13.1425,16.8277,15.2618,10.575,3.6045,10.2074,205
15.8893,18.9886,16.1777,16.2914,12.7009,8.0359,2.2976,9.6185,208
15.2485,11.1884,5.3494,11.2741,15.9846,17.1669,8.3091,15.4789,207
15.2283,13.0602,8.4761,12.8266,15.4245,13.7512,7.5598,13.6734,85
13.7932,14.5601,11.4774,15.4056,15.3056,12.0654,5.7484,11.6444,246
13.8052,14.4951,11.4045,15.132,15.0555,12.0913,6.1729,11.8435,246
14.077,14.7545,11.602,15.0375,14.7323,11.8775,6.0703,11.8489,246
14.288,14.8253,11.5259,14.7576,14.4727,11.9029,6.1597,12.0679,246
17.1416,17.5217,13.0386,14.6351,13.079,9.4383,3.637,11.5086,247
16.4781,17.0381,12.9053,14.8981,13.5397,9.913,3.8737,11.354,247
16.5514,17.1132,12.9553,14.9452,13.534,9.8156,3.7759,11.3095,247
16.6602,17.172,12.9528,14.8823,13.4802,9.7622,3.7431,11.3472,247
16.6034,17.2027,13.0455,14.9795,13.5202,9.7114,3.6886,11.2487,247
13.9739,14.2778,10.8836,16.0197,16.7846,12.476,4.6295,10.9549,248
14.2625,14.3116,10.7034,15.6559,16.572,12.5314,4.7268,11.2365,248
14.0744,14.3263,10.8575,15.8084,16.6612,12.4803,4.7429,11.0491,248
13.6874,13.5255,10.0805,15.4663,17.117,13.3018,5.411,11.4106,248
14.1655,14.295,10.7566,15.7482,16.7186,12.5159,4.6947,11.1055,248
14.6319,13.6358,9.3598,14.2883,16.4312,13.1167,6.113,12.4233,250
14.8516,13.8747,9.5002,14.3105,15.9615,12.8761,5.9933,12.632,250
13.7834,15.7363,13.2173,16.8028,15.0873,10.6822,4.4099,10.2808,254
14.8569,16.6462,13.6628,16.2296,14.137,9.9718,4.0426,10.4532,254
13.4859,13.5751,10.1785,15.9874,17.506,13.0535,5.1186,11.095,217
13.0804,11.4914,7.4597,14.1685,18.7694,15.7835,6.8012,12.4459,256
12.9277,11.4227,7.5174,14.0945,18.7149,15.8118,7.0601,12.451,256
14.9859,16.2283,12.9986,15.9305,14.5246,10.4098,4.1971,10.7251,259
15.0425,15.5195,12.0343,15.5268,14.6812,10.8938,4.9832,11.3187,259
12.3648,14.4661,12.3777,18.592,17.9408,11.6429,3.5054,9.1103,272
13.3495,12.9823,9.5502,15.9339,17.9398,13.5637,5.4029,11.2778,273
12.8842,14.9719,12.6983,18.4121,17.4237,11.2715,3.2389,9.0994,272
13.4763,14.0922,10.8897,17.0789,18.0741,12.4155,3.8654,10.1081,272
12.3872,11.994,8.749,15.6032,19.2649,14.7871,5.9786,11.2361,274
12.3013,12.244,9.3961,13.8016,16.4254,14.5556,8.706,12.5699,275
12.4738,12.267,9.3246,13.7222,16.4142,14.5409,8.6436,12.6137,275
13.8252,12.1522,8.0486,12.6319,15.6227,15.1638,8.6978,13.8579,276
13.5936,12.2545,8.3563,12.8005,15.6033,14.9504,8.7679,13.6735,276
12.4887,11.7947,8.2676,13.6233,17.4364,15.6983,7.9996,12.6914,277
12.2766,11.6312,8.1835,13.8932,17.8345,15.9131,7.8149,12.4531,277
13.6995,12.4342,8.2173,14.1197,17.4249,14.905,6.5655,12.6339,278
13.0343,11.962,8.0274,14.328,18.1201,15.3157,6.7921,12.4204,278
11.5393,11.8664,9.2074,15.7119,19.4369,14.7263,6.6039,10.9079,279
11.8172,12.1302,9.491,15.8632,19.0477,14.4208,6.3969,10.833,279
14.3145,14.2154,10.5837,14.9803,15.8491,12.4581,5.7704,11.8285,280
14.2667,14.0002,10.2757,14.8263,16.018,12.714,5.9119,11.9871,280
13.9385,12.6873,8.6158,13.0566,15.6748,14.5355,8.0661,13.4254,281
14.6439,12.835,8.071,12.2186,15.0795,14.6248,8.3098,14.2174,281
12.1081,12.0362,8.9943,16.418,19.942,14.7769,5.2027,10.5219,282
12.6247,12.631,9.4658,16.4905,19.363,14.1167,4.8311,10.4772,282
16.0925,12.1675,6.179,11.5264,15.6046,15.6061,7.6049,15.219,283
15.9314,12.3297,6.5828,11.6848,15.5668,15.3177,7.6212,14.9656,283
14.6448,14.1883,10.3543,14.6727,15.9471,12.6158,5.6006,11.9766,193
14.5571,14.0802,10.2469,14.7541,16.1898,12.7182,5.5583,11.8954,193
14.7921,14.1739,10.1984,14.5436,15.8472,12.6044,5.6681,12.1723,193
13.5967,12.2807,8.3316,13.1515,16.4085,15.3878,7.7123,13.1309,285
13.7577,15.2227,12.4931,17.2251,16.4247,11.2291,3.7715,9.8761,286
13.7469,15.3245,12.6972,17.2303,16.202,11.0561,3.8513,9.8916,286
13.8303,15.4838,12.8793,17.183,16.0009,10.9246,3.8331,9.8651,286
13.528,15.0933,12.5358,17.2548,16.4578,11.2958,3.9666,9.8679,286
13.593,11.4406,7.1061,13.4876,17.7984,16.1553,7.2094,13.2097,287
13.6353,11.6305,7.4259,13.3819,17.3759,15.8139,7.4683,13.2682,287
15.2667,11.6223,6.0855,10.9317,14.7435,16.3167,9.2585,15.775,288
13.5838,11.5873,7.4303,13.2979,17.3356,15.8667,7.615,13.2833,287
15.4713,11.6051,5.8706,10.8982,14.9232,16.4698,8.9762,15.7856,288
13.5095,11.6814,7.584,13.4498,17.4902,15.7149,7.4793,13.0908,287
14.9627,11.5498,6.1864,11.2446,15.1456,16.4681,8.993,15.4498,288
13.4542,11.9255,8.0419,13.6081,17.1209,15.3816,7.4796,12.9882,287
15.401,11.5375,5.7995,11.0407,15.2881,16.6447,8.6983,15.5901,288
15.4952,13.3263,8.2721,13.1713,15.6987,13.9972,6.3529,13.6865,289
15.7147,11.841,6.0573,10.7595,14.5468,16.1148,9.0414,15.9244,288
15.764,13.2876,8.1033,12.8942,15.4758,13.9118,6.6198,13.9434,289
15.8143,13.2384,7.9247,12.8913,15.5159,13.9571,6.5536,14.1047,289
13.721,11.9161,7.6661,12.5878,16.2499,16.0218,8.1973,13.6399,285
15.9868,13.4115,8.0841,12.8501,15.3118,13.7744,6.5116,14.0697,289
14.2135,11.9369,7.3744,12.0331,15.4113,15.9012,8.7397,14.3898,285
15.4024,13.436,8.537,13.5372,15.8619,13.7446,6.1102,13.3708,289
13.7675,12.0178,7.7626,12.6641,16.1444,15.8079,8.1216,13.7141,285
13.7785,12.3974,8.4086,13.596,16.5451,14.6009,7.5279,13.1456,291
14.0742,12.4488,8.3233,13.1303,16.0892,14.5387,7.9095,13.4859,291
19.0617,13.547,5.9606,10.0093,13.5564,14.2346,7.3396,16.2908,292
19.2031,13.4733,5.7438,9.8546,13.4498,14.3549,7.4262,16.4943,292
14.1801,12.7444,8.6618,13.3937,16.0729,14.1827,7.5235,13.2408,291
19.3698,13.6569,5.8555,9.9973,13.5181,13.9362,7.2145,16.4517,292
14.447,12.68,8.3559,12.9821,15.836,14.247,7.8153,13.6369,291
18.2036,13.1098,6.0504,10.2916,14.0159,14.7637,7.5897,15.9753,292
12.4456,13.2973,10.6547,16.5386,17.9171,13.082,5.4541,10.6107,293
18.6378,13.3204,5.8732,10.2761,14.0285,14.5883,7.2052,16.0706,292
12.9183,13.5146,10.6221,16.1898,17.2951,12.9054,5.573,10.9816,293
12.4362,13.198,10.499,16.4713,17.8344,13.1641,5.6283,10.7688,293
17.698,13.19,6.4359,11.6017,15.3182,14.3395,6.5118,14.9048,294
11.9971,13.1809,10.7856,16.7645,17.876,13.0357,5.7533,10.6068,293
12.8139,12.3731,8.9486,15.5284,18.5547,14.5717,5.825,11.3846,217
15.4706,13.1363,7.9928,13.6494,16.7418,13.8182,5.9273,13.2636,295
15.5877,12.7628,7.4023,13.2216,16.8316,14.3108,6.253,13.6302,295
12.4387,12.4383,9.2476,15.9578,18.9644,14.4144,5.5181,11.0207,296
13.2203,14.0536,11.1118,16.4881,17.1506,12.534,4.799,10.6427,296
13.6481,14.0448,10.8027,16.2667,17.1286,12.6007,4.6844,10.8238,296
14.9214,13.7933,9.3211,14.9958,16.9013,13.0158,5.0189,12.0324,297
14.3285,13.433,9.3069,15.1598,17.4787,13.4172,5.1102,11.7655,297
14.2659,13.4736,9.4165,15.2604,17.5055,13.3859,5.0418,11.6505,297
15.9892,15.3715,10.8852,15.4284,15.1595,11.0938,4.2088,11.8636,298
15.7725,15.3359,10.9757,15.6446,15.3512,11.1222,4.1328,11.665,298
15.9243,15.4214,10.9895,15.4665,15.1734,11.1012,4.122,11.8018,298
13.6048,16.3493,14.2754,17.2803,14.8676,10.1834,3.7943,9.645,299
13.5556,16.499,14.4719,17.9336,15.3888,9.9717,3.0802,9.0992,299
13.6516,16.5375,14.4149,17.9629,15.4727,9.9618,2.9173,9.0813,299
15.0012,14.1445,9.7978,14.8554,16.6328,12.7937,4.9037,11.871,300
14.4627,13.5735,9.4001,14.8799,17.1529,13.5099,5.1541,11.8668,300
15.2751,14.0963,9.4816,14.6805,16.5761,12.8779,4.8714,12.1411,300
14.7422,14.9986,11.328,16.2722,16.3215,11.5994,4.004,10.7341,301
14.4019,15.3372,12.1467,15.1958,14.6382,11.5467,5.3104,11.4231,315
13.4261,13.8305,10.9523,14.5827,14.9089,12.5362,7.608,12.1552,239
13.5996,13.613,10.2877,15.8918,17.093,12.9677,5.2754,11.2717,273
13.6034,12.628,8.8559,15.0003,17.582,13.9941,6.2015,12.1348,273
13.3673,12.5017,8.7962,15.2336,17.9932,14.2577,5.9705,11.8798,273
12.6533,12.2138,8.9037,15.5237,18.8567,14.5249,5.9803,11.3436,274
12.172,11.9298,8.844,15.5002,19.1511,14.8109,6.3017,11.2904,274
12.868,12.1546,8.6365,15.0375,18.4395,14.6912,6.3476,11.8252,274
12.1769,10.2385,6.2376,14.8782,21.076,17.5289,6.1217,11.7423,320
