15.0237,13.7574,7.744,5.049,7.7115,3.8217,9.5363,3.3963,11.2312,2.6268,10.8611,9.2409,a01-000u0
15.0048,14.0403,7.9652,5.1353,7.1029,3.3755,8.6903,3.379,12.0094,2.5729,11.5835,9.1408,a01-000u1
15.8476,14.1937,7.7272,5.0193,6.6732,3.1045,8.1475,2.9926,11.9264,2.3622,12.2924,9.7133,a01-000u2
15.5007,14.1041,7.752,4.9259,6.7021,3.0473,8.2505,3.0374,12.7439,2.3672,12.2091,9.3598,a01-000u3
15.6771,14.5913,8.0042,4.9961,6.5608,2.8572,7.6598,2.5817,13.0396,2.2372,12.6001,9.195,a01-000u4
15.7757,13.5553,7.1719,4.373,6.0537,2.8281,8.6361,3.371,13.8009,2.1138,12.6697,9.6509,a01-000u5
8.2807,7.7159,6.116,3.985,7.5206,4.9445,13.8718,7.0734,14.4303,5.4463,11.747,8.8685,a01-000x0
8.3666,7.7977,6.3548,4.0899,7.5652,4.8435,13.3636,6.9382,13.8723,5.786,11.9831,9.0392,a01-000x1
8.127,7.8714,6.4928,4.299,7.9781,5.3154,13.2874,7.1912,13.6236,5.6092,11.5002,8.7047,a01-000x2
7.7057,7.4113,6.2706,4.2367,7.7882,5.2065,14.1727,6.9578,13.3285,6.0625,11.9896,8.87,a01-000x3
7.3907,7.2033,6.5805,4.2024,7.7269,5.3901,14.7042,7.6249,13.6543,5.594,11.188,8.7409,a01-000x4
15.4748,13.6271,7.0478,4.2486,5.6758,2.4931,8.2722,3.1864,14.9806,2.3456,13.3616,9.2864,a01-003u0
16.1407,13.9548,7.2517,4.3603,5.8263,2.6766,7.9049,3.0307,13.2958,2.3718,13.2958,9.8906,a01-003u1
16.9069,14.2656,7.0151,3.8639,5.3316,2.5857,7.9108,3.0336,13.03,2.1738,13.0823,10.8006,a01-003u10
17.036,14.183,6.8534,4.0278,5.4012,2.6475,7.8227,3.0722,12.2204,2.4489,13.063,11.2238,a01-003u2
15.5661,14.6602,7.8911,4.7319,6.1253,2.7361,8.259,3.3156,13.5611,2.1843,11.7953,9.1741,a01-003u3
16.5095,14.1466,7.2619,4.3602,6.2267,2.6823,7.8276,2.7747,12.6881,2.0781,13.0037,10.4406,a01-003u4
16.5824,13.8861,6.9316,4.0038,5.484,2.517,7.8087,2.8626,13.5698,2.1714,13.6807,10.5018,a01-003u5
15.2062,12.7865,6.6041,3.9902,5.3721,2.6805,8.3634,3.7349,15.1618,2.4474,14.1184,9.5344,a01-003u6
17.2866,14.0307,6.5701,3.6756,5.2414,2.5076,7.8257,3.0222,12.8007,2.1535,13.5234,11.3626,a01-003u7
18.0215,14.9112,7.0844,3.7376,4.6507,1.8688,6.3356,2.4567,13.2657,2.2005,14.3233,11.144,a01-003u8
17.1997,14.1429,6.8992,3.7149,5.0934,2.4364,7.5574,3.1704,12.8506,2.4536,13.2607,11.2206,a01-003u9
6.7621,7.2376,7.0427,5.3688,10.2525,6.7264,12.2807,4.7672,10.2501,7.5348,11.8004,9.9767,a01-003x0
6.9405,8.3975,7.8292,6.0846,10.5726,6.0536,10.9016,4.9617,10.8275,7.0335,11.265,9.1329,a01-003x1
6.5268,7.9008,7.552,6.1666,10.7954,6.2638,11.6568,4.7126,10.5058,7.411,11.4567,9.0518,a01-003x10
7.4484,9.0394,7.9751,6.2307,10.1001,5.3594,10.414,4.6451,11.3899,6.9054,11.5811,8.9113,a01-003x11
6.768,8.8661,8.067,6.7457,11.1351,6.1009,10.4958,4.6439,10.4438,7.0783,10.9697,8.6858,a01-003x12
7.0689,8.6418,7.8314,6.4685,10.8594,5.8496,10.2166,4.7206,11.0509,6.9105,11.4819,8.8997,a01-003x13
7.1876,9.1146,8.002,6.8774,11.1096,6.015,9.903,4.4682,10.5693,6.9635,10.9615,8.8284,a01-003x2
6.8428,8.4431,7.7672,6.3351,11.051,6.0081,10.6832,4.532,10.8687,7.1651,11.4535,8.8503,a01-003x3
7.6838,8.4487,7.4637,5.8151,10.1535,5.7824,11.0433,4.6224,10.8372,7.0843,11.752,9.3136,a01-003x4
7.0852,8.4625,7.5931,6.0257,10.4722,5.9769,10.8944,4.7022,11.1147,7.1138,11.4174,9.142,a01-003x5
7.3525,8.6964,7.967,6.0968,10.2918,5.5489,10.6032,4.6296,11.0195,7.1509,11.5807,9.0627,a01-003x6
7.7251,9.2374,8.019,6.0733,10.1618,5.6064,10.3943,4.3434,10.9226,7.167,11.4676,8.8821,a01-003x7
6.7091,7.782,7.3648,5.9287,10.6951,6.5359,11.5687,4.8596,10.5834,7.1748,11.3973,9.4006,a01-003x8
7.1123,8.8392,8.0542,6.5178,10.8524,5.7939,10.4672,4.7808,10.7957,6.7402,11.1649,8.8813,a01-003x9
17.4209,14.4206,6.8852,3.8981,5.555,2.5349,7.4826,2.5646,12.2949,2.218,13.4997,11.2255,a01-007u0
17.9314,16.2451,8.1483,4.47,5.5931,2.2881,6.5199,2.494,11.5466,2.1883,12.0036,10.5715,a01-007u1
15.6215,12.8571,6.3175,3.5996,4.9155,2.3765,8.2599,3.4969,15.7176,2.3368,14.6702,9.831,a01-007u2
15.9453,14.2065,7.4682,4.421,6.1461,2.7786,8.0673,3.0472,13.5076,2.2449,12.4264,9.7407,a01-007u3
16.738,15.2058,8.0151,4.8905,6.543,2.608,7.5587,2.6116,11.6954,1.9604,11.9431,10.2304,a01-007u4
16.4985,14.2347,7.1341,3.8984,5.7676,2.8335,8.6793,3.1388,12.857,2.167,12.5479,10.2431,a01-007u5
14.5621,12.9704,7.1065,4.5266,6.3521,2.9408,8.9822,3.5769,14.8077,2.4349,12.932,8.8077,a01-007u6
18.0027,14.9441,7.2506,4.2033,5.4605,2.4244,6.9129,2.6083,11.8629,1.974,13.1877,11.1687,a01-007u7
16.9196,15.3668,7.8692,4.5603,5.8081,2.4677,7.1752,2.6079,12.7554,2.0751,12.1561,10.2387,a01-007u8
8.8907,9.9415,8.0014,6.011,9.629,4.9624,9.522,4.3982,11.0845,6.7241,11.3635,9.4717,a01-007x0
7.6461,8.5887,7.8109,5.8131,9.8126,5.5687,10.9124,5.2099,11.0947,6.9032,11.4031,9.2366,a01-007x1
6.968,7.8125,7.516,5.3805,9.9997,5.9318,11.9153,5.3122,10.8126,7.0812,11.7171,9.5532,a01-007x10
7.7147,8.552,7.9301,5.5715,9.5099,5.6904,11.0173,5.525,11.1948,6.6586,11.324,9.3117,a01-007x11
7.5322,8.8779,8.1981,5.9751,9.9386,5.9512,10.7421,5.0102,10.6803,6.6251,11.071,9.3983,a01-007x12
8.7551,9.9778,8.0147,6.1389,9.7845,4.7692,9.5469,4.3741,11.2927,6.4997,11.6501,9.1963,a01-007x2
7.6033,8.9213,8.1729,6.2655,9.8662,6.1749,10.8023,5.5391,10.6698,6.6032,10.5396,8.8418,a01-007x3
6.9287,7.9175,7.5639,5.6725,10.203,6.2284,11.6194,4.9159,10.7133,7.2806,11.5666,9.3902,a01-007x4
6.9845,7.9647,7.5372,5.8393,10.4042,6.1455,11.5892,5.058,10.6647,7.0561,11.456,9.3008,a01-007x5
7.3715,8.9397,8.1222,6.3718,10.3797,5.9062,10.2931,4.9462,10.9607,6.776,10.9517,8.9812,a01-007x6
7.8241,8.2601,7.2161,5.5782,9.9545,6.0071,11.1847,4.8736,10.7558,7.1902,11.6325,9.5232,a01-007x7
7.5014,8.6634,7.692,6.1629,10.1336,5.8608,10.5453,4.7657,11.0016,6.9883,11.539,9.146,a01-007x8
7.0818,7.6915,7.4993,5.4928,10.2234,6.25,11.7693,5.1846,11.2507,6.8415,11.4197,9.2955,a01-007x9
7.3202,8.2287,6.6547,5.8538,10.0777,7.4397,13.8992,7.1727,11.6159,5.0528,9.7549,6.9297,a01-0110
8.6114,8.8433,6.5151,5.4183,9.1612,6.3461,12.8669,6.5638,13.1819,4.7338,10.9396,6.8186,a01-0111
7.9442,9.2604,7.3168,6.4877,10.6972,6.5738,12.417,5.4593,10.8153,5.6488,10.4438,6.9355,a01-01110
8.5276,9.8913,7.4657,6.4002,10.3676,6.3311,12.6077,5.5384,11.5131,4.702,10.0658,6.5893,a01-01111
8.8215,9.4168,7.3052,6.0882,9.4201,6.131,11.7883,6.1244,11.7028,5.1837,10.7029,7.3151,a01-01112
7.9783,8.2123,6.214,4.9261,8.9206,5.8093,13.56,6.3911,13.931,5.2739,11.5175,7.2659,a01-0112
7.7689,8.0335,6.6505,5.3998,9.0479,6.1779,12.7938,6.6064,12.4535,5.8944,11.2879,7.8855,a01-0113
7.8998,8.2129,6.4116,5.3437,8.9548,6.3945,13.0334,7.0892,13.8783,4.932,11.022,6.8276,a01-0114
9.3578,8.4372,5.8683,4.3938,7.2261,4.6816,12.6164,6.2838,16.2444,4.5513,13.0129,7.3265,a01-0115
8.5735,9.4017,7.2561,6.2364,9.6228,6.2835,12.0365,6.0536,12.5553,4.7362,10.5511,6.6932,a01-0116
8.5649,8.7075,6.5501,5.3235,8.9227,5.5091,12.4976,5.6866,12.9119,5.6597,11.965,7.7014,a01-0117
8.0365,9.4633,7.5663,6.4611,10.6037,6.5422,12.7574,5.4802,10.9063,5.3478,10.0389,6.7962,a01-0118
7.6844,8.8706,7.1411,6.13,10.2922,6.4258,12.4955,6.1874,11.7711,5.5807,10.4461,6.9751,a01-0119
16.0027,14.6374,7.8145,4.7139,6.2223,2.7201,7.6364,2.9296,12.6052,2.528,12.2944,9.8956,a01-011u0
15.0087,13.0665,7.0762,4.33,6.0146,2.7915,8.4198,3.3763,14.5701,2.4191,13.5677,9.3596,a01-011u1
14.6745,13.4019,7.4594,4.7377,6.594,2.939,9.2819,3.2376,13.687,2.4401,13.0965,8.4504,a01-011u2
15.1173,13.2885,7.1891,4.5169,6.4058,2.6564,8.2441,2.8649,14.5014,2.2521,13.9834,8.9801,a01-011u3
17.0148,15.5046,8.06,4.5872,5.9876,2.6512,6.9822,2.6046,12.1349,2.282,12.431,9.7598,a01-011u4
17.2498,14.7575,7.2876,4.2652,5.4708,2.1815,6.9026,2.5159,13.2784,2.1309,13.3662,10.5937,a01-011u5
16.5314,13.9896,7.1757,4.2787,5.4877,2.4636,7.3842,2.9459,13.2532,2.3463,13.7518,10.392,a01-011u6
15.2437,13.3641,7.1383,4.3558,6.1807,2.6728,8.6729,3.1822,14.3893,2.3472,13.0771,9.3758,a01-011u7
16.3651,13.5949,6.8419,3.9346,5.6034,2.5365,7.9174,3.0742,13.873,2.4104,13.6542,10.1943,a01-011u8
11.1299,10.8986,7.1214,4.9629,7.1103,4.4527,10.0139,5.3741,13.6884,4.8638,11.8677,8.5163,a01-0140
10.3667,10.9586,7.5416,5.8027,7.9474,4.5427,9.4271,4.924,14.3084,4.8325,11.9836,7.3647,a01-0141
10.4356,10.6074,7.3351,5.6857,8.1347,4.895,9.867,4.8595,13.0682,5.1467,12.0406,7.9244,a01-01410
9.4875,9.9032,6.9249,5.5665,8.2448,4.8809,11.0559,5.4037,15.6496,4.4438,11.7629,6.6764,a01-01411
9.0302,9.2337,6.9018,5.4046,8.4981,5.6654,11.5708,6.2966,13.4018,4.9977,11.3256,7.6738,a01-01412
9.8396,9.9698,7.1295,5.4519,8.1875,5.0294,10.8944,5.6076,13.7919,4.7943,11.7109,7.5933,a01-01413
8.7475,8.9141,6.4317,4.5564,7.4956,4.9756,12.4872,6.8508,15.2867,5.2173,11.3642,7.6729,a01-01414
9.1651,9.7377,7.2647,5.6972,8.8443,5.2912,11.3011,5.5713,13.4939,4.8282,11.362,7.4434,a01-01415
9.5171,9.9202,7.1649,5.6663,8.3271,4.9101,10.8433,5.2632,14.4243,4.7822,11.8776,7.3039,a01-01416
11.3751,11.2342,7.3394,5.4047,7.7365,4.4605,9.6435,4.7883,12.7788,4.9222,11.9684,8.3483,a01-0142
10.0415,10.314,7.4122,5.7948,8.3506,5.1764,10.5345,5.4273,13.0989,4.9256,11.5464,7.3776,a01-0143
8.6941,9.0103,6.623,5.3681,8.4683,5.3423,11.2975,5.752,14.5171,5.3003,12.2492,7.3779,a01-0144
10.3565,10.2494,6.8871,5.206,7.6667,4.9326,10.5043,5.8045,13.6782,4.8291,11.6682,8.2173,a01-0145
10.5415,10.5977,7.1673,5.4483,7.9872,4.5977,10.0332,5.0192,13.4662,5.1877,12.0485,7.9055,a01-0146
9.7492,10.4103,7.322,5.6459,8.4008,4.8311,10.5843,5.3531,13.9162,4.8427,11.4978,7.4467,a01-0147
9.6328,9.7529,6.9895,5.5582,8.4417,5.4537,10.8604,5.5425,13.3365,5.0828,11.8686,7.4805,a01-0148
10.064,9.9663,6.8207,4.9986,8.0157,4.7467,11.1459,5.3044,13.5643,5.1219,11.9915,8.2599,a01-0149
16.7423,15.0171,7.8236,4.4144,5.8883,2.6966,7.8123,2.9704,12.6205,2.0365,12.1179,9.8601,a01-014u0
16.5486,14.5495,7.4316,4.2134,5.4325,2.5997,7.7813,2.8149,13.5858,2.1739,12.6266,10.242,a01-014u1
14.9559,12.8754,6.6892,3.9577,5.8728,2.728,9.0314,3.6133,14.2636,2.511,13.8571,9.6445,a01-014u2
14.4389,13.3782,7.442,4.6184,6.3669,3.0259,9.0893,3.5808,14.5718,2.4884,12.2164,8.783,a01-014u3
16.8969,15.3987,7.8902,4.3497,5.5369,2.2791,6.9326,2.5971,13.3529,2.1024,12.6992,9.9643,a01-014u4
16.2543,14.4314,7.3526,4.1632,5.4566,2.4164,7.5413,2.9977,14.1666,2.322,13.068,9.8299,a01-014u5
15.616,13.5251,7.1349,4.2007,6.072,2.7878,8.7356,3.4274,13.4774,2.5523,12.7136,9.7572,a01-014u6
7.5954,9.6524,8.5781,7.1848,10.7047,5.8299,9.3536,4.7043,10.2702,6.7869,10.6534,8.6862,a01-014x0
7.3005,9.9911,8.8128,7.6878,11.313,5.5669,9.0501,4.2353,10.301,6.9663,10.5399,8.235,a01-014x1
8.3707,11.1574,9.3771,7.6772,10.3906,5.0764,8.4708,4.4472,10.1868,6.5064,10.151,8.1884,a01-014x10
7.6831,10.35,8.9236,7.6861,10.8204,5.4147,8.9506,4.6716,10.4249,6.3796,10.5058,8.1895,a01-014x11
8.5845,11.5868,9.4244,7.5642,10.1124,4.8592,8.334,4.1912,10.5148,6.3737,10.3779,8.0769,a01-014x12
7.0983,10.0924,9.0037,8.0367,11.7184,5.8305,8.8532,4.2261,9.9671,6.7903,10.2177,8.1656,a01-014x13
6.1264,9.4841,8.7604,8.1461,12.135,5.8403,9.5599,4.477,10.048,7.2877,10.3509,7.7842,a01-014x14
6.9025,10.158,8.9698,8.2349,11.4148,5.7555,8.5027,4.533,10.261,6.8956,10.2335,8.1387,a01-014x15
7.608,11.2048,9.344,8.1288,11.0465,5.1654,8.6557,3.9532,9.9379,6.8374,10.3003,7.8181,a01-014x16
7.9069,10.813,8.8814,7.5749,10.5665,5.0765,8.7669,4.1136,10.3355,6.9032,10.7354,8.3262,a01-014x17
8.2953,11.0522,9.4035,8.0061,10.8009,5.241,8.5007,4.3409,9.8954,6.2816,9.9359,8.2466,a01-014x18
8.2281,11.2436,9.3836,7.9274,10.8484,5.3759,8.4751,4.1817,9.9442,6.5872,10.0301,7.7749,a01-014x19
7.6847,10.2343,8.6023,7.2033,10.561,5.4728,9.3136,4.6615,10.5376,6.6702,10.6517,8.4069,a01-014x2
8.76,12.111,9.8538,8.0524,10.2225,4.9904,8.0325,4.076,9.9484,6.2187,9.8538,7.8805,a01-014x20
7.6113,10.0666,8.69,7.4386,10.85,5.5589,9.526,4.4501,10.2042,6.6927,10.6222,8.2895,a01-014x3
8.0605,10.631,9.0434,7.5024,10.7099,5.3388,8.9324,4.3335,10.2096,6.489,10.4557,8.2938,a01-014x4
7.2895,9.9782,8.8124,7.3469,11.002,5.5496,9.3817,4.4285,10.2349,7.0423,10.5794,8.3547,a01-014x5
8.139,10.8455,9.171,7.6479,10.6638,5.5796,9.0368,4.4416,10.1056,6.2719,10.0255,8.0719,a01-014x6
7.4231,10.1877,8.9803,7.4882,10.9412,5.3562,9.0863,4.3795,10.4835,6.7106,10.5952,8.3682,a01-014x7
7.8932,10.8017,9.2533,7.7891,10.6085,5.3563,8.5125,4.561,10.0758,6.5182,10.1526,8.4779,a01-014x8
8.1729,10.8014,9.1395,7.8302,10.8965,5.4611,8.7018,4.2746,9.9081,6.3941,10.128,8.2917,a01-014x9
8.3497,9.974,7.9825,6.5233,10.0098,5.346,10.6025,4.529,10.7346,6.6567,11.2036,8.0884,a01-0200
8.6684,10.7816,8.5473,6.8509,9.8668,4.9095,9.4647,4.233,10.6684,6.739,11.0919,8.1784,a01-0201
8.7302,10.8771,8.6685,6.807,9.7042,4.8741,9.5437,4.4584,10.7057,6.5545,10.9828,8.0937,a01-0202
8.3799,10.5299,8.5219,6.9476,10.0779,5.3062,9.7847,4.393,10.5726,6.5964,10.8811,8.0089,a01-0203
9.0919,11.0251,8.6164,7.0281,9.525,5.1506,9.2717,4.4986,10.4302,6.4987,10.744,8.1197,a01-0204
8.8426,10.5625,8.2256,6.6809,9.7609,5.1961,10.0702,4.2824,10.7172,6.6067,10.9759,8.0789,a01-0205
9.257,11.168,8.6575,6.85,9.6335,5.0532,9.4015,4.393,10.4454,6.3379,10.6577,8.1454,a01-0206
15.7391,13.6212,6.9737,4.1355,5.9058,2.5802,8.3318,3.2324,14.449,2.229,13.0693,9.733,a01-020u0
16.1803,14.5534,7.7957,4.7243,6.1656,2.4728,7.197,2.8697,13.1153,2.2775,12.7542,9.8943,a01-020u1
14.1439,12.4578,6.9242,4.1623,5.8901,2.7234,8.7677,3.7319,15.875,2.762,13.9384,8.6232,a01-020u2
16.173,13.9579,7.1633,4.087,5.3931,2.3899,7.9038,3.1113,14.2122,2.2246,13.4367,9.9472,a01-020u3
17.3024,14.2397,6.7901,3.7581,4.6017,2.1781,6.5804,2.8991,13.7028,2.2599,14.5158,11.1719,a01-020u4
15.8205,13.4627,6.7331,3.9656,5.5247,2.5974,8.3999,3.278,14.6538,2.3161,13.4002,9.8479,a01-020u5
16.6321,14.2702,7.2273,4.1868,5.4287,2.497,7.6226,3.136,13.7859,2.2301,12.8735,10.1097,a01-020u6
17.0539,14.6444,7.1814,4.0679,5.433,2.5776,7.8464,3.0979,12.9039,2.0496,12.6535,10.4905,a01-020u7
17.0056,14.45,7.1556,4.0342,5.3156,2.4278,7.1739,2.8878,12.924,2.2197,13.4497,10.9562,a01-020u8
9.6939,11.3566,7.9713,6.1002,10.1993,5.4318,12.3881,4.5591,11.1647,4.6375,9.8775,6.62,a01-020x0
8.7303,10.2854,7.7151,5.9324,9.9732,5.8679,13.1338,5.1971,11.5827,4.9191,9.7395,6.9234,a01-020x1
8.2164,10.0582,7.525,5.8784,10.0322,5.4826,12.4816,4.9473,12.4278,5.5309,10.5525,6.8671,a01-020x2
8.6843,10.1028,7.6435,6.048,9.8842,5.7317,12.5061,5.3179,12.0525,4.9276,10.045,7.0563,a01-020x3
9.3667,10.5911,7.6406,5.9606,9.7568,5.3974,11.7578,4.7996,12.3306,4.8592,10.5103,7.0293,a01-020x4
8.2044,9.3256,7.4247,6.0585,9.7781,5.3351,11.408,4.9748,10.9021,6.8497,11.3244,8.4148,a01-0260
8.3585,9.7233,7.8312,6.1144,9.4618,5.0513,10.3971,4.7769,11.068,6.9376,11.5565,8.7234,a01-0261
9.2743,10.6879,8.0902,5.9075,8.8439,4.2752,9.6916,4.3607,11.5962,6.6683,11.8078,8.7964,a01-0262
8.0281,9.622,8.0759,6.3264,9.6429,5.1781,10.5954,4.6368,11.189,6.7735,11.4537,8.4781,a01-0263
8.535,10.3325,8.2944,6.4446,9.6807,5.0734,10.0286,4.3982,10.7836,6.721,11.3214,8.3865,a01-0264
8.4635,9.9157,7.8114,6.3577,9.9396,5.3384,10.5604,4.3937,10.7499,6.7741,11.3783,8.3173,a01-0265
13.3945,11.7339,6.6289,4.108,6.9056,3.2411,11.077,3.9213,14.9583,2.4441,12.8409,8.7462,a01-026u0
15.4612,14.3403,7.8746,4.7279,5.7987,2.4955,7.2359,3.0528,13.8393,2.5894,13.3383,9.246,a01-026u1
16.6672,14.5138,7.581,4.447,5.6817,2.4727,7.2194,2.9321,12.3896,2.5965,12.8979,10.6011,a01-026u2
14.7531,12.8343,7.1657,4.5194,6.8846,2.9907,8.9299,3.2894,13.8535,2.4671,13.0803,9.2321,a01-026u3
16.5798,14.9716,7.7465,4.415,5.8099,2.3429,7.3571,2.7932,13.0282,2.2752,12.4492,10.2316,a01-026u4
16.8411,14.6705,7.3711,3.9393,5.4248,2.3636,7.4583,3.0207,12.8675,2.3418,13.1726,10.5288,a01-026u5
14.9009,13.3399,7.3006,4.46,5.9516,2.6833,8.8726,3.6923,14.5792,2.3799,12.7404,9.0992,a01-026u6
16.6262,14.4777,7.3584,4.3622,5.8549,2.7209,7.5541,2.9311,12.8184,2.163,13.0068,10.1264,a01-026u7
16.1006,14.4571,7.5257,4.3326,5.9724,2.5913,7.9356,3.0088,13.4153,2.2378,12.603,9.8199,a01-026u8
17.4441,15.3886,7.7098,4.2794,5.7024,2.6054,7.5791,2.8804,12.0991,2.0589,11.7795,10.4733,a01-026u9
7.1133,9.5313,8.5065,7.3687,11.4664,5.5795,8.8869,4.1151,10.6379,7.1776,11.0686,8.5482,a01-026x0
7.6789,10.4829,8.8947,7.4861,10.845,5.29,8.8815,4.4628,10.4417,6.7045,10.5933,8.2383,a01-026x1
8.5355,11.5137,9.2017,7.6212,10.5322,4.9414,8.5607,3.9913,10.4586,6.3475,10.5091,7.7872,a01-026x10
8.6939,11.1603,9.0918,7.7326,10.3497,5.3478,8.4443,4.1246,10.2459,6.4401,10.3596,8.0094,a01-026x11
8.179,11.3789,9.598,7.9867,10.6138,5.0223,8.4937,4.0047,10.3669,6.5394,10.3273,7.4892,a01-026x12
6.7757,9.3793,8.6656,7.7481,11.6378,6.364,9.544,4.1446,9.7675,7.3168,10.3517,8.3049,a01-026x13
7.2659,10.1071,9.0627,8.0025,11.3856,5.8348,8.9969,4.0355,10.1281,6.8503,10.4149,7.9157,a01-026x14
7.9633,11.1396,9.4478,7.991,11.1076,5.2056,8.5977,4.0414,10.0951,6.515,10.0545,7.8415,a01-026x15
10.0846,11.744,8.8722,7.0797,9.5141,4.574,8.2493,4.1746,10.0846,6.0527,10.5268,9.0434,a01-026x16
8.2417,11.107,9.1523,7.3904,10.4189,4.6605,8.5032,4.0244,10.6452,6.6023,10.8715,8.3826,a01-026x17
8.4347,10.8775,9.0013,7.3985,10.4044,5.1068,8.6865,4.1984,10.3666,6.4164,10.649,8.4599,a01-026x18
7.7671,10.9013,9.2041,7.8902,11.1111,5.6502,8.9418,4.2314,10.0002,6.4463,10.0208,7.8355,a01-026x19
8.7506,10.8102,8.7561,7.1451,10.1959,5.1711,8.9148,4.4353,10.4333,6.3817,10.5424,8.4634,a01-026x2
7.7769,10.4623,8.9262,7.589,10.9512,5.5057,8.9098,4.3838,10.2397,6.5656,10.4787,8.2111,a01-026x3
7.9731,10.4219,8.7345,7.2116,10.3554,5.2969,8.9637,4.5299,10.6363,6.6054,10.7583,8.5128,a01-026x4
7.9355,10.2526,8.6876,7.566,11.1973,5.6501,9.3025,4.3438,9.9596,6.7242,10.2605,8.1202,a01-026x5
8.1908,11.0407,9.2084,7.6291,10.5454,5.1058,8.7077,4.3682,10.4144,6.4841,10.3336,7.9719,a01-026x6
8.6089,11.005,8.8393,7.1838,9.996,4.8749,8.6313,4.4387,10.5665,6.6782,10.5575,8.6201,a01-026x7
7.787,10.7519,9.0656,7.6159,10.6881,5.0118,8.7451,3.99,10.6898,6.7535,10.8626,8.0387,a01-026x8
9.5672,12.5296,9.5889,7.6435,9.9771,4.9294,7.8859,3.739,10.0698,6.0391,9.9811,8.0495,a01-026x9
9.4414,9.0059,6.3058,4.6527,7.4764,5.4025,12.1662,6.729,14.5321,4.769,11.8544,7.6645,a01-0300
9.7423,9.1835,6.249,4.6165,7.7383,5.5965,12.6769,6.6591,15.0939,3.898,11.3583,7.1877,a01-0301
7.636,8.6444,7.0588,6.0886,9.965,6.7084,12.9385,6.43,11.7886,5.3632,10.221,7.1576,a01-03010
8.6707,9.838,7.6361,6.4056,10.1747,6.0995,11.795,5.371,11.4276,5.071,10.4379,7.0729,a01-03011
9.3335,9.3511,6.5623,5.0264,8.1336,5.7162,12.5556,6.4827,14.3009,4.3867,11.1259,7.0251,a01-0302
9.2466,9.1783,6.6386,5.1203,8.4656,6.0433,12.5399,6.6659,13.6787,4.2819,10.9451,7.1957,a01-0303
8.9007,9.079,6.5759,5.3355,8.559,5.8034,12.2134,6.306,14.1495,4.7809,11.337,6.9596,a01-0304
9.5463,9.3175,6.6314,5.167,8.327,5.7188,12.1569,6.2919,13.7322,4.4595,11.506,7.1456,a01-0305
7.8081,8.4805,6.8392,5.4098,9.5059,6.4691,13.2292,6.6838,12.3026,5.1244,10.263,7.8844,a01-0306
8.6618,8.7658,6.6301,5.1337,8.5832,5.9428,12.2381,6.5109,13.7371,4.8699,11.3783,7.5483,a01-0307
7.6197,9.1228,7.5769,6.584,10.4671,6.752,12.0589,6.0218,10.6168,5.7866,10.1311,7.2622,a01-0308
8.5234,10.0305,7.8139,6.8258,10.9277,6.5619,11.8278,5.4536,10.3735,4.9082,9.9367,6.817,a01-0309
14.3933,13.1569,7.3066,4.5333,6.4483,2.8508,8.9118,3.4705,15.2051,2.355,12.8997,8.4686,a01-030u0
16.2445,13.4576,6.8317,3.9283,5.4948,2.5777,7.8189,3.3456,13.1937,2.612,13.9718,10.5234,a01-030u1
14.5228,12.8411,7.0313,4.1217,5.7463,2.8938,8.7511,3.7759,15.1732,2.5416,13.4154,9.1858,a01-030u2
16.7977,14.4144,7.1563,4.1366,5.6957,2.4819,7.8372,3.0261,13.0143,2.1415,12.9538,10.3446,a01-030u3
17.6425,14.5505,6.8765,3.7181,5.0122,2.1406,7.1389,2.9276,13.1794,2.2211,13.6901,10.9024,a01-030u4
17.0922,14.5447,7.1451,4.1321,5.7398,2.6545,7.5644,3.1056,12.3876,2.4,12.4772,10.7567,a01-030u5
15.7709,14.6211,7.7557,4.5568,6.0446,2.6043,8.0484,3.0661,13.9934,2.1487,12.1435,9.2465,a01-030u6
16.2624,14.2812,7.443,4.3877,5.8114,2.5356,7.3863,2.838,13.5127,2.312,13.4308,9.799,a01-030u7
15.1645,13.7765,7.4657,4.3417,6.1221,2.8056,8.2837,3.6347,13.6544,2.6095,12.9326,9.209,a01-030u8
8.5251,9.8391,7.4673,6.0149,10.13,6.0475,12.7235,5.1057,11.8956,5.1016,10.25,6.8998,a01-030x0
9.0742,11.4657,8.7926,7.3738,11.5269,6.0162,11.24,3.9782,9.6288,5.0331,9.4801,6.3906,a01-030x1
8.9,10.811,8.1917,6.6327,10.7744,5.9347,12.0993,4.5141,10.3674,5.1308,9.8748,6.7691,a01-030x2
9.8796,11.4552,8.1882,6.3089,9.7725,5.3452,11.158,4.5585,11.4814,4.7158,10.2292,6.9076,a01-030x3
9.1721,10.9349,8.2038,6.7247,10.2246,5.6515,10.4516,4.3048,11.4457,5.3488,10.4379,7.0996,a01-030x4
8.5721,9.9961,7.2668,5.5968,9.5538,5.4479,12.3544,5.1502,12.4364,5.545,10.7146,7.366,a01-030x5
9.5477,9.9418,7.1438,5.5897,8.3328,5.2795,11.0016,5.8934,13.7609,4.8142,11.3603,7.3344,a01-0380
10.0578,10.3497,7.1615,5.6765,8.4623,5.1125,10.9137,5.2429,13.555,4.5939,11.557,7.3173,a01-0381
10.5089,11.1804,7.782,5.9856,8.2081,4.6937,9.6942,4.6017,13.4915,4.6392,11.7599,7.4547,a01-03810
9.1874,9.2767,6.7511,5.2244,8.1452,4.8265,11.3665,5.7279,14.7908,5.0809,11.9809,7.6417,a01-03811
10.7597,10.5608,7.1377,5.6251,8.0569,4.9151,9.7822,4.9117,13.5243,4.8362,12.2003,7.6899,a01-03812
9.8618,10.1273,7.0802,5.1795,7.9358,4.9267,11.261,5.8033,13.5831,4.9941,11.3284,7.9189,a01-03813
10.84,10.9703,7.4501,5.6329,8.1808,4.81,10.033,4.7846,13.1878,4.756,11.612,7.7424,a01-03814
10.3336,10.5223,7.3208,5.6481,8.1875,4.9669,9.598,5.0309,12.8378,5.2483,12.1182,8.1875,a01-03815
9.8196,10.0815,6.921,5.1718,8.1041,4.9225,11.8139,5.476,14.3364,4.6309,11.1886,7.5337,a01-03816
10.3221,10.2403,6.9946,5.3592,7.8752,4.6861,10.3472,5.139,13.3853,5.2334,12.3978,8.0199,a01-03817
9.8333,10.109,7.0769,5.4936,7.5128,4.3269,10.0897,5.3974,15.5256,4.9038,12.5449,7.1859,a01-03818
9.8453,10.1273,7.4162,5.5309,7.7788,4.7857,10.3368,5.1926,13.3822,5.3738,12.1818,8.0487,a01-03819
10.3696,10.2861,7.139,5.4594,7.9996,4.8878,10.572,5.4594,13.7384,4.7111,11.7409,7.6367,a01-0382
10.4383,10.8153,7.4035,5.7556,8.051,4.6441,9.8584,4.7987,13.8259,5.1032,11.7383,7.5678,a01-03820
10.3205,10.5178,7.1925,5.2987,7.7433,4.5623,10.3529,5.2074,14.1376,5.0159,11.9728,7.6785,a01-03821
9.9789,10.6363,7.453,5.8545,8.3873,4.7957,10.3803,4.9583,13.5532,4.8856,11.5532,7.5638,a01-03822
9.4495,9.5304,6.8095,5.1842,8.1625,5.0675,11.3083,5.7739,14.5799,4.9268,12.0237,7.1837,a01-0383
10.293,11.1285,7.8994,6.1663,8.5963,4.7397,9.4428,4.6484,12.5625,5.2031,11.9313,7.3886,a01-0384
8.8365,9.5677,7.0629,5.8218,8.9945,5.4337,11.3864,5.5014,13.3992,5.2035,11.5489,7.2434,a01-0385
10.6583,10.5251,7.1627,5.5112,7.7044,4.5966,9.6786,4.934,13.3221,5.2507,12.5377,8.1187,a01-0386
10.1894,10.5533,7.3877,5.5447,8.3229,5.126,10.7607,5.3334,12.2359,4.9577,11.2694,8.319,a01-0387
9.8953,9.2178,6.6685,4.9644,7.6144,5.2865,11.4383,5.8701,13.7998,4.9309,11.9885,8.3255,a01-0388
10.4686,10.2821,7.1624,5.5093,8.1598,4.7635,9.9838,5.0432,13.1502,5.0525,12.4355,7.9889,a01-0389
6.0049,6.4247,7.7756,4.9271,8.9671,7.2331,14.8712,6.7363,10.285,6.8298,10.4408,9.5042,a01-038x0
6.998,7.6543,7.9298,5.0306,9.3402,6.426,12.9108,5.86,10.4993,6.861,10.9117,9.5781,a01-038x1
6.8836,7.7247,7.8937,5.7011,9.9796,6.9174,11.9659,5.6513,10.497,6.6933,10.6944,9.3981,a01-038x2
7.1896,7.7681,7.7326,5.2391,9.2225,6.2313,12.3188,5.698,10.698,6.9181,11.2199,9.7639,a01-038x3
6.6384,7.3631,7.7497,5.2093,9.8848,6.6212,12.9481,5.8417,10.37,6.9906,10.8819,9.5013,a01-038x4
6.562,7.6649,7.8251,5.9211,10.5076,6.9089,11.6807,5.079,10.2773,7.0466,10.9922,9.5345,a01-038x5
6.5961,7.6973,7.8272,5.7953,10.4715,6.5896,12.0162,5.2707,10.5186,6.9518,10.9555,9.3102,a01-038x6
7.0671,7.9072,7.668,5.7656,10.369,7.3553,11.9455,5.1421,10.0808,6.7168,10.5931,9.3895,a01-038x7
6.9854,7.9867,7.8979,5.841,10.4487,7.02,11.4245,5.1031,10.1762,6.8935,10.7634,9.4594,a01-038x8
6.8362,8.0247,7.8982,5.9544,10.4675,6.6608,11.2346,5.243,10.4034,6.9188,10.9513,9.4071,a01-038x9
5.8707,7.2543,6.7112,6.1724,11.1509,7.1595,13.5603,5.4224,9.7284,7.7069,10.9483,8.3147,a01-0430
6.9515,8.8382,7.9263,6.9129,10.6212,5.865,10.9624,5.0161,10.5826,7.0917,11.0355,8.1964,a01-0431
6.9424,8.9782,7.9233,6.6277,10.7199,5.4597,11.1806,5.1019,10.6295,6.9177,11.0819,8.4374,a01-04310
5.2228,7.5501,7.7642,7.1531,11.9673,7.2894,12.4188,5.0632,9.7062,7.589,10.4806,7.7953,a01-04311
6.135,8.0654,7.5687,7.0459,11.6507,6.3562,11.6024,5.1236,10.2833,7.064,10.8061,8.2986,a01-04312
7.083,8.9193,7.4669,6.6063,10.4965,5.9121,11.2003,4.786,10.6789,7.3037,11.2515,8.2955,a01-04313
6.8802,8.3769,7.7195,6.5473,10.6944,5.9974,11.1368,4.7735,10.7068,7.12,11.294,8.7532,a01-04314
7.4848,9.9961,8.5017,7.4652,10.7285,5.6798,9.8522,4.5746,10.1171,6.7785,10.8136,8.008,a01-04315
7.2988,9.8534,8.5803,7.2267,10.579,5.7266,10.3838,4.4663,10.2608,6.9148,10.6363,8.0732,a01-04316
7.3046,9.8348,8.4797,7.2798,10.6001,5.7041,10.2355,4.4278,10.357,7.111,10.9198,7.7458,a01-04317
7.4565,9.4722,8.2347,6.9203,10.8024,5.5336,11.0807,4.9657,10.1441,6.5901,10.8771,7.9225,a01-04318
6.5172,8.8318,7.9144,7.0592,10.8687,6.2885,11.5085,4.9113,10.149,7.2814,10.7599,7.91,a01-0432
6.8064,8.5591,7.7005,6.5959,10.5869,5.9249,11.4622,5.0746,10.6577,7.0919,11.1933,8.3465,a01-0433
5.7835,7.986,7.4741,7.0741,11.7751,6.7461,12.143,4.9356,9.8339,7.4607,10.8151,7.9727,a01-0434
6.4961,8.6075,7.9403,7.0141,11.1231,6.1189,11.1542,4.8695,10.1844,7.2669,11.0651,8.16,a01-0435
7.2302,9.3668,8.0697,6.8256,10.2271,5.5853,10.6865,4.9216,10.9569,7.0355,11.0117,8.083,a01-0436
5.2308,7.0547,7.2382,6.6014,11.7854,7.3065,13.059,4.6336,9.5694,8.339,11.0408,8.1412,a01-0437
7.0933,9.3358,8.2403,7.0848,10.9235,5.5998,10.5961,4.6968,10.3051,6.905,10.8764,8.343,a01-0438
5.8994,8.2213,7.5735,7.2209,12.0338,6.4555,11.5608,4.9792,10.0014,7.1005,10.9703,7.9834,a01-0439
14.8169,13.9133,7.7169,4.5326,6.3721,3.091,9.0938,3.6935,13.5511,2.3739,11.7151,9.1297,a01-043u0
15.2448,13.1294,6.941,4.3795,6.9805,3.4083,9.6118,3.3719,12.4253,2.4644,12.4313,9.6118,a01-043u1
15.3766,13.339,7.1257,4.3535,6.047,2.9036,7.8371,3.4333,13.8803,2.5595,13.5091,9.635,a01-043u2
15.5954,14.2479,7.722,4.5689,5.6022,2.362,7.2905,2.9525,14.5734,2.1576,13.9829,8.9447,a01-043u3
16.1477,13.993,7.3018,4.3734,6.1445,2.9156,8.0243,2.9955,12.6311,2.2379,12.954,10.2813,a01-043u4
15.7695,13.7933,7.0896,4.2717,5.9884,2.7447,8.3405,3.2737,13.5638,2.2091,12.925,10.0306,a01-043u5
14.5534,13.3741,7.4718,4.5428,6.6117,3.0531,9.4491,3.5526,13.7051,2.4147,12.2214,9.0501,a01-043u6
18.1327,15.4233,7.5654,4.15,5.1008,2.1783,6.2997,2.3787,12.4881,2.0034,13.3371,10.9426,a01-043u7
7.2456,7.7086,7.8511,5.0997,9.2261,6.4348,12.6858,5.8492,10.4359,6.7668,10.946,9.7505,a01-043x0
6.8398,7.3366,7.7467,5.1303,9.1613,6.5102,13.5235,5.985,10.3252,6.9045,10.8393,9.6975,a01-043x1
6.4825,7.2842,7.7663,5.5142,9.8438,6.9885,12.8619,5.7285,10.2546,7.1353,10.7804,9.3597,a01-043x2
6.4396,7.1087,8.0574,5.1249,9.3511,6.5091,13.2977,6.1916,10.6343,6.8555,10.8822,9.5479,a01-043x3
6.6668,7.8293,7.9279,5.5726,9.6423,6.2771,12.5368,5.7857,10.7572,6.7065,11.1023,9.1954,a01-043x4
7.0366,7.7416,8.0129,5.3065,9.3798,6.3604,12.4781,5.8306,10.5657,6.6116,11.051,9.6253,a01-043x5
6.1394,6.9352,7.5513,5.3501,10.206,7.2582,13.2372,5.4741,9.9686,7.5213,10.9376,9.4209,a01-043x6
6.9841,7.8399,7.5649,5.5895,10.1494,6.2135,11.3973,4.9496,10.9399,7.089,11.6304,9.6525,a01-043x7
6.3697,8.1437,7.4936,7.0095,11.3286,6.304,11.8058,5.2735,9.935,7.3207,10.8963,8.1195,a01-0490
6.955,8.4792,8.1439,6.448,10.5585,6.0502,11.1826,5.3025,10.321,6.6422,10.735,9.1819,a01-0491
6.2406,8.6864,8.094,7.5243,11.7515,6.5378,11.0263,4.8533,9.7719,7.1279,10.3552,8.031,a01-04910
6.6793,8.9179,8.2583,7.1402,10.8329,6.2943,11.1002,4.9678,10.117,7.0201,10.5853,8.0867,a01-04911
5.2364,8.5242,7.9978,8.3487,13.0957,6.9542,12.2645,4.5345,8.7366,7.6376,10.1219,6.5478,a01-04912
6.5475,9.1386,8.0324,7.481,11.3909,6.2884,11.2115,4.9065,9.7366,6.9229,10.4674,7.8763,a01-04913
8.0991,10.7433,8.6027,7.3167,10.4022,4.9273,9.7081,4.3415,10.6972,6.4279,10.9881,7.746,a01-04914
7.0943,9.5438,8.4797,7.3978,11.1617,5.5454,10.6336,4.9916,9.9557,6.5465,10.5429,8.1072,a01-04915
7.246,9.9475,8.4049,7.4389,11.1861,5.429,9.8159,4.0847,10.2664,7.0958,10.9414,8.1434,a01-04916
7.6711,10.3415,8.7813,7.2412,10.8902,4.9659,9.5897,4.1593,10.539,6.7071,11.0402,8.0735,a01-04917
8.0527,10.5702,8.6206,7.3539,10.7529,5.305,9.923,4.5267,9.9905,6.3731,10.2843,8.2473,a01-04918
7.0074,9.1693,7.979,7.1271,11.2363,5.8028,10.4318,4.5011,10.5493,6.9022,10.9743,8.3194,a01-04919
5.7985,7.5403,7.646,6.7591,11.3217,7.2074,11.8404,4.8124,10.025,7.4603,11.0784,8.5105,a01-0492
7.5477,10.4111,8.9621,7.6451,10.7442,5.6057,9.864,4.533,9.9288,6.488,10.3095,7.9608,a01-04920
7.6083,9.6721,8.2692,6.9776,10.6136,5.6233,10.3191,4.7746,10.2379,6.8175,10.8501,8.2367,a01-04921
6.963,8.8435,8.0501,6.7056,10.8994,5.8779,10.8022,4.9167,10.457,6.9154,11.0348,8.5345,a01-0493
5.9222,8.3684,7.9773,7.4939,11.8153,6.4008,11.5408,5.0647,9.8453,7.1635,10.5327,7.8752,a01-0494
7.4001,9.4565,8.2725,7.2313,11.0015,5.837,10.3238,4.9568,10.1239,6.5329,10.4978,8.366,a01-0495
5.0071,6.9294,7.1874,6.7763,12.3845,7.2328,13.5356,4.9419,9.3224,7.9047,10.9725,7.8055,a01-0496
7.4071,9.4239,8.0936,6.7239,10.1956,5.0364,10.6757,4.9151,11.0296,6.8812,11.2835,8.3344,a01-0497
7.0683,9.1856,8.1118,7.0727,10.9738,5.3213,11.1101,4.8645,10.3546,6.6678,11.0972,8.1724,a01-0498
6.9654,9.1749,8.1135,7.0834,10.9969,5.7476,11.0162,5.1122,10.1521,6.8331,10.7923,8.0124,a01-0499
14.7925,13.7237,7.6093,4.7997,6.6192,3.026,8.3306,3.3211,13.5008,2.8031,12.5434,8.9306,a01-049u0
15.6717,13.9202,7.3722,4.3501,5.8068,2.4813,7.9017,3.0193,14.381,2.3353,13.0645,9.6961,a01-049u1
16.4199,14.6149,7.5359,4.2446,5.5335,2.3409,7.3244,2.7752,13.6193,2.3324,13.3852,9.8739,a01-049u2
18.7434,15.9251,7.3738,3.4794,4.985,2.6687,7.5668,3.0837,11.6639,1.9931,11.1524,11.3647,a01-049u3
16.5341,14.7884,7.7451,4.4323,5.4458,2.263,6.5682,2.5262,13.551,2.6654,13.6932,9.7873,a01-049u4
16.8339,14.4219,7.4385,4.3503,5.6466,2.4275,6.6968,2.7797,13.406,2.2717,13.8548,9.8722,a01-049u5
15.6483,12.8124,6.6094,3.8954,5.4831,2.6588,7.6892,3.3061,14.4814,2.8011,14.7282,9.8865,a01-049u6
16.8509,14.1033,6.9595,3.7623,5.2922,2.2043,7.7151,3.038,13.7255,2.3636,13.5756,10.4096,a01-049u7
15.9799,13.4105,7.0082,4.251,5.9659,2.5997,7.5052,3.0511,13.4529,2.6694,14.3437,9.7625,a01-049u8
10.4311,9.9916,6.3311,4.3468,7.1806,3.9912,11.0427,5.194,14.9093,5.2529,12.959,8.3698,a01-049x0
10.0059,9.525,6.3974,4.6036,7.4657,3.805,10.4595,4.9318,15.2032,5.3855,13.8255,8.3919,a01-049x1
9.9148,9.9039,6.8443,4.9538,7.872,3.9786,10.4405,4.6547,14.5061,5.6081,13.3025,8.0207,a01-049x2
13.1066,11.0094,6.2156,4.1135,6.1324,2.9316,8.5672,4.0279,14.6482,4.7082,14.9052,9.6342,a01-049x3
12.0157,10.5797,6.3679,4.4065,6.3789,3.0866,9.1261,4.3102,15.2445,5.1968,14.393,8.8941,a01-049x4
10.2273,10.1786,6.8425,4.7869,7.6563,3.9752,10.6757,4.9635,14.7565,4.9858,12.985,7.9667,a01-049x5
13.0395,12.4845,7.366,4.5774,6.5702,3.2197,8.5607,4.0247,13.6839,4.6943,12.8079,8.9712,a01-049x6
9.907,9.711,6.5788,4.721,8.0628,3.9596,11.0969,5.0036,14.8992,5.0948,13.1121,7.8531,a01-049x7
10.7891,10.001,6.3555,4.4311,7.4054,3.7853,10.934,4.7692,15.1413,4.9446,13.1864,8.2571,a01-049x8
9.8537,15.5527,13.1465,12.0925,15.8837,6.7285,8.2809,2.3245,4.9269,1.818,5.0045,4.3876,a01-0530
11.9437,16.3038,12.5866,10.3475,12.5897,5.3756,7.0339,2.4751,6.2327,2.3633,6.5961,6.152,a01-0531
8.9213,14.1243,12.3297,11.8779,16.4612,7.5721,9.9542,3.2148,4.9513,1.8721,4.7705,3.9507,a01-05310
8.8216,14.3346,12.3914,11.5225,15.2335,7.0539,9.8189,3.1717,6.536,1.9432,5.2519,3.9207,a01-05311
10.1199,14.7389,11.9218,10.9765,15.6145,6.6747,10.0501,2.6838,5.1456,1.7829,5.4057,4.8855,a01-05312
10.5464,15.1534,12.5056,11.1285,14.5656,6.5327,8.5423,2.9669,5.637,1.8081,5.5811,5.0325,a01-05313
9.4565,14.1786,11.8052,10.532,14.0879,6.5186,9.543,3.3294,6.8524,2.7113,6.1478,4.8374,a01-05314
8.3618,13.2796,11.542,11.2628,15.6066,7.4697,11.0301,3.5914,6.1046,1.9935,5.4065,4.3515,a01-05315
9.3561,15.1774,12.9128,11.9404,16.1805,6.7192,9.1371,2.5318,5.5147,1.717,4.9759,3.8371,a01-05316
9.3618,13.8614,11.6464,10.6879,14.2339,6.228,8.8701,3.1984,6.9233,2.8657,6.7395,5.3837,a01-05317
9.2079,13.9391,11.9059,11.4828,15.6054,7.7185,10.3691,3.3153,5.8278,1.5757,5.0594,3.9931,a01-05318
10.6133,15.0587,12.5152,11.2376,14.0008,7.2779,8.9254,3.2141,5.1101,1.8729,5.0928,5.0812,a01-05319
9.5309,15.4543,13.6595,12.6881,16.793,7.0667,8.6838,2.2095,4.6618,1.4868,4.3182,3.4475,a01-0532
9.848,14.9669,12.9329,11.8312,14.6618,7.5371,9.2209,3.3674,5.0455,1.808,4.52,4.2601,a01-05320
9.7368,15.0533,12.9302,12.0035,15.8364,7.357,9.4409,2.8279,4.938,1.4792,4.5464,3.8503,a01-05321
11.4176,15.8115,12.6012,11.0993,14.6,6.7333,9.0503,2.8195,4.6452,1.2562,4.701,5.2649,a01-05322
10.2926,14.8173,12.1279,10.9819,14.3733,6.8124,9.6033,3.1039,5.713,1.8691,5.3916,4.9137,a01-05323
10.431,15.5056,13.1305,11.9491,15.0343,6.8744,8.4231,2.773,5.1298,1.4814,4.7196,4.5482,a01-05324
10.9541,16.1858,12.8951,11.0582,13.9659,5.8861,7.8679,2.4801,6.455,1.729,5.7708,4.752,a01-05325
9.8951,15.6685,13.2286,12.0639,15.5178,6.5666,8.3438,2.4349,5.5123,1.6868,4.93,4.1518,a01-05326
10.3489,15.6485,12.8736,11.4634,15.3209,6.3322,8.8296,2.4701,5.6498,1.4648,5.1221,4.4762,a01-05327
8.8423,13.7346,12.0481,11.5505,15.5225,7.0633,9.7274,3.514,6.0725,2.1269,5.4428,4.3551,a01-05328
10.7738,14.6643,11.7205,10.333,13.5869,6.5132,9.3862,3.2104,6.3282,1.9861,6.1759,5.3216,a01-05329
10.4065,15.4696,12.6773,11.3597,14.9369,6.6386,8.831,2.8259,5.5341,1.5475,5.0911,4.6818,a01-0533
10.72,15.3401,12.5447,10.524,13.1139,5.8565,7.8487,2.7828,6.7324,2.3907,6.5111,5.6351,a01-0534
9.2269,14.3202,12.1796,11.8373,16.0985,7.2675,9.9919,2.7647,5.4221,1.5971,5.1268,4.1672,a01-0535
8.9381,14.9084,13.1985,12.387,16.1952,6.9035,8.9207,2.6316,5.2226,1.9302,4.7415,4.0227,a01-0536
10.5586,15.7526,12.9407,11.4179,14.5141,6.4388,7.9616,2.597,5.8827,1.8135,5.6553,4.4673,a01-0537
10.0475,15.1616,12.6283,11.0599,14.2776,6.2452,8.2462,2.6141,6.4591,2.5428,5.9886,4.7291,a01-0538
9.74,15.717,13.0314,11.9485,15.8885,6.8293,9.0217,2.6588,5.0442,1.5813,4.5028,4.0365,a01-0539
16.4955,13.4727,6.7412,3.9687,5.4703,2.3792,7.2515,2.74,13.3849,2.9481,14.4315,10.7164,a01-053u0
17.123,14.6272,7.3289,4.2404,5.3951,2.2816,6.483,2.5125,13.0022,2.4986,14.0401,10.4674,a01-053u1
17.0858,14.1634,6.8311,3.766,5.1926,2.5678,7.0756,3.1343,13.3768,2.4862,13.6784,10.6419,a01-053u2
15.7702,13.5892,7.2006,4.2781,6.1705,2.634,7.516,2.9796,13.3208,2.7615,13.7302,10.0493,a01-053u3
16.7516,13.8607,6.8822,3.8701,5.2067,2.3873,7.4759,2.8971,14.3954,2.1386,14.0597,10.0746,a01-053u4
16.6169,14.6493,7.4438,4.3011,5.9329,2.4981,7.5412,2.9782,12.4098,2.4511,12.8026,10.375,a01-053u5
16.6722,14.2377,7.1222,3.9267,5.3334,2.5794,7.4746,3.1196,13.065,2.5102,13.5295,10.4296,a01-053u6
15.2483,13.3677,7.2983,4.4808,6.6601,2.8005,8.0756,3.2452,12.9502,2.5663,13.4119,9.8951,a01-053u7
16.0322,14.8655,7.9547,4.8385,6.656,2.9442,7.9516,2.8399,11.9796,2.3486,11.9735,9.6156,a01-053u8
7.1253,10.5453,8.9853,8.2846,12.6503,6.2199,9.6254,3.3911,9.5014,6.8456,10.1012,6.7245,a01-053x0
9.0801,12.5006,9.8463,8.3372,11.4456,5.559,8.8376,3.4515,9.0698,5.5564,9.4335,6.8823,a01-053x1
8.0479,12.3131,10.6376,9.2368,12.4034,5.7367,7.836,2.9233,9.2093,6.1683,9.1819,6.3057,a01-053x10
8.6796,11.9012,9.4422,8.282,12.0325,6.0856,9.5771,3.7287,8.873,5.5712,9.0226,6.8043,a01-053x11
8.5488,12.1854,9.7372,8.6123,12.3627,5.7645,8.8982,3.2184,8.9617,5.8068,9.4566,6.4473,a01-053x12
8.0865,11.968,9.9996,8.8596,12.4216,5.9366,8.6387,3.2859,9.191,6.2404,9.3132,6.0589,a01-053x13
8.6915,12.3593,9.7872,8.5737,11.8142,5.7003,8.3902,3.3144,9.201,6.1385,9.327,6.7028,a01-053x14
8.1891,12.1169,10.0623,8.9688,12.215,6.0854,9.16,3.8592,8.9246,5.6833,8.8364,5.8991,a01-053x15
8.1665,12.3347,10.3779,9.4353,12.7815,6.2009,8.6892,3.2613,8.3899,5.7675,8.716,5.8792,a01-053x16
9.0645,12.4022,9.8637,8.4009,11.7219,5.7379,8.7769,3.3377,9.0396,5.666,9.283,6.7057,a01-053x17
7.703,11.9588,10.1142,9.4088,13.9244,6.2509,8.9396,2.9366,8.5441,5.9027,8.9042,5.4127,a01-053x18
8.3525,11.4776,9.2958,8.2401,11.9575,5.431,8.9564,3.3569,9.6072,6.3697,10.0684,6.887,a01-053x19
7.239,10.552,8.9206,8.3014,12.3813,6.3588,9.917,3.8631,9.3638,6.6794,9.8227,6.6009,a01-053x2
9.1598,13.0126,10.3793,8.9548,12.3921,5.5849,8.4691,2.7952,8.7929,5.388,8.9548,6.1164,a01-053x20
8.988,12.2577,9.8839,8.6221,11.8774,5.9776,8.9361,3.552,8.988,5.4475,8.9419,6.5278,a01-053x3
7.6937,10.4523,8.723,8.0113,11.6875,6.6937,10.3582,4.1292,8.8054,6.5584,9.7347,7.1525,a01-053x4
6.9203,10.0792,8.6719,8.276,12.7216,6.3479,10.0491,3.8819,9.3562,6.7223,9.9501,7.0236,a01-053x5
7.8665,11.5977,10.0351,9.4185,13.1392,6.5589,9.0358,3.1041,8.313,6.0699,9.0146,5.8467,a01-053x6
8.0056,11.5069,9.5775,8.57,12.8179,6.0177,9.2806,3.1393,9.1007,6.1256,9.5932,6.265,a01-053x7
8.6122,12.0779,9.7784,8.3992,12.1108,5.7854,9.0964,3.1792,9.2486,5.8437,9.4007,6.4674,a01-053x8
9.3019,11.9881,9.4139,8.2532,11.6606,6.0313,8.8625,3.0758,8.7175,5.9857,9.4346,7.2749,a01-053x9
10.0182,15.7854,12.7339,11.4097,15.4976,6.4677,9.145,2.9748,5.3354,1.7849,4.4334,4.4142,a01-0580
9.1258,15.1052,12.9437,11.9652,16.3458,7.1113,9.4392,2.7755,5.0585,1.7906,4.3487,3.9905,a01-0581
10.3988,16.3692,14.06,12.4421,14.6221,6.9427,7.7858,2.5446,4.5955,1.5799,4.2385,4.4208,a01-05810
10.986,16.5473,12.9649,11.6684,15.6687,7.2586,9.9369,2.7721,3.77,0.9809,3.2242,4.2221,a01-05811
8.84,14.7063,13.0208,12.3215,16.4876,7.0367,9.6423,2.9221,5.1524,1.6635,4.4016,3.8054,a01-05812
10.6249,15.7654,12.8009,11.1052,14.5618,6.5754,8.6387,2.9171,5.7512,1.7135,4.9982,4.5476,a01-05813
9.5498,14.4373,12.4866,11.0772,13.9443,6.463,8.8907,3.3869,6.2969,2.3205,6.0557,5.0911,a01-05814
8.9782,14.8076,12.9656,11.9212,16.2328,6.3593,8.5974,2.6754,5.6442,2.233,5.3766,4.2087,a01-05815
12.0367,16.056,12.0367,10.2986,14.2604,5.131,7.6313,2.1244,5.8252,1.7538,6.5717,6.2741,a01-05816
9.7632,15.2636,12.8357,11.2372,14.9671,5.9989,8.3323,2.5869,6.3856,2.1443,5.9,4.5851,a01-05817
10.7208,16.4386,13.2802,11.4152,14.7846,6.1126,8.3248,2.5458,5.289,1.5315,4.9078,4.6491,a01-05818
8.7457,14.1127,12.6177,11.8702,16.0263,7.5049,10.0314,3.2591,5.5016,1.8239,4.7242,3.7823,a01-05819
10.2341,15.8992,13.5637,12.1145,15.1147,6.5573,8.5275,2.5511,4.6949,1.4192,4.7129,4.6111,a01-0582
9.4773,15.7768,13.7677,12.487,15.8729,6.8518,8.5888,2.3693,5.315,1.3287,4.7066,3.4579,a01-05820
7.5212,13.4534,12.2087,12.5088,17.5318,8.1038,11.1229,3.0456,5.0406,1.536,4.6169,3.3104,a01-05821
8.3806,13.7766,12.1395,11.3357,15.7033,6.7612,9.6217,2.9846,6.5898,2.4823,5.9338,4.2908,a01-05822
9.5358,15.1416,12.7211,11.5175,15.2746,6.5567,8.944,2.8129,5.9782,1.8619,5.1137,4.5418,a01-05823
8.529,14.5344,12.7796,12.1452,16.0022,7.0751,9.3254,3.0282,5.1396,2.4448,4.7136,4.283,a01-05824
9.6733,14.4153,11.8616,10.9818,15.0695,6.9978,9.9531,3.1132,6.0188,2.0123,5.2879,4.6156,a01-05825
9.0539,14.7585,13.307,12.375,16.1649,7.1731,9.0652,2.7563,4.9703,1.8018,4.5806,3.9932,a01-05826
9.8219,15.2465,13.0911,11.9581,15.5969,6.8696,8.7994,2.6067,5.2662,1.7618,5.0598,3.922,a01-05827
8.308,13.1255,11.3976,11.1211,15.4479,7.4371,10.817,3.6771,6.6422,2.1081,6.034,3.8844,a01-05828
9.6244,15.0817,12.5292,11.1934,15.4979,6.1205,8.1698,2.2643,6.3126,2.6165,6.1388,4.4508,a01-05829
10.1222,15.5735,12.9827,11.4176,14.3885,6.0807,8.2588,2.6072,6.5057,1.8961,5.6475,4.5196,a01-0583
9.5412,15.004,12.3474,10.9116,15.2378,6.0287,9.2559,2.722,6.6601,2.0111,5.9632,4.3169,a01-05830
9.525,14.2569,11.6681,10.8866,14.7637,6.3927,9.2868,2.9002,6.6064,2.4423,6.4721,4.7991,a01-05831
9.4642,15.778,13.6492,12.6277,16.7798,6.3995,8.2647,2.254,5.4373,1.2984,4.4355,3.6117,a01-05832
9.8681,15.7183,13.2263,12.0269,15.4851,6.7564,8.6021,2.592,5.2505,1.5325,4.9374,4.0045,a01-05833
10.1477,15.3932,13.0666,11.8647,15.9083,7.0828,8.774,2.6528,4.7218,1.3994,4.7304,4.2582,a01-0584
9.4668,15.9652,13.7708,13.1135,17.4388,7.6646,9.2123,2.3534,3.456,0.9965,3.2227,3.3393,a01-0585
9.7692,15.4577,12.7726,11.6848,15.1181,7.0045,9.3924,2.9079,5.6461,1.5123,4.8607,3.8737,a01-0586
10.6035,15.3337,12.3854,10.784,13.6768,6.4473,8.8263,3.0593,6.2251,1.8143,5.9197,4.9246,a01-0587
10.0329,14.5456,11.4608,10.3577,15.176,6.8669,11.0214,3.1756,5.6492,1.5902,5.143,4.9807,a01-0588
9.5621,14.6073,12.3513,11.3515,15.5609,6.937,9.9672,2.8404,5.3835,1.8458,5.081,4.5119,a01-0589
15.3246,13.3915,7.0861,4.2161,6.3915,3.1796,8.8065,3.4461,13.1788,3.0396,12.215,9.7246,a01-058u0
15.2849,12.8745,6.8513,4.0897,5.9032,2.7274,7.7395,3.3757,14.4053,2.9359,14.1539,9.6587,a01-058u1
14.7613,13.3685,7.3552,4.4265,6.1691,2.9033,8.1439,3.2277,14.2208,2.792,13.4989,9.1328,a01-058u2
