16.2451,13.3315,8.1179,13.0551,16.1982,13.6031,6.0076,13.4415,a01-000u0
16.5873,13.3837,7.9624,12.3564,15.4487,13.6632,6.4253,14.173,a01-000u1
16.9838,13.4175,7.6455,12.14,15.2031,13.5421,6.4828,14.5851,a01-000u2
16.8953,13.239,7.6232,11.9247,15.2822,13.9129,6.4833,14.6394,a01-000u3
17.1741,13.3932,7.7004,11.5649,14.9467,13.8545,6.4242,14.9419,a01-000u4
16.8261,12.5499,6.8021,11.4774,15.6993,14.7515,6.7613,15.1324,a01-000u5
11.0567,10.0414,7.0567,13.6184,20.1764,17.7282,7.7012,12.6211,a01-000x0
11.1084,10.3614,7.2556,13.4111,19.6452,17.3237,8.0306,12.8639,a01-000x1
11.0535,10.6336,7.6885,13.5823,19.3372,17.0367,8.0427,12.6255,a01-000x2
10.8847,10.461,7.5472,14.1794,20.0854,16.9811,7.5578,12.3033,a01-000x3
10.1016,10.1534,7.4646,14.0411,20.8594,17.5613,7.7606,12.0578,a01-000x4
16.8719,12.4984,6.7139,11.2123,15.3646,15.0548,6.9404,15.3438,a01-003u0
17.3271,12.8517,6.9452,11.0722,15.0155,14.3189,6.8692,15.6003,a01-003u1
17.5963,12.8457,6.7502,10.8721,14.8026,14.2543,7.0622,15.8166,a01-003u10
17.7479,13.0928,6.7677,11.0003,14.7629,13.7803,7.1202,15.7279,a01-003u2
16.7361,13.0399,7.3595,11.7182,15.4701,14.4731,6.556,14.6469,a01-003u3
17.3899,13.0506,7.0565,11.4094,15.0341,14.026,6.6027,15.4308,a01-003u4
17.6062,12.8501,6.6948,10.7559,14.8029,14.3012,7.0458,15.9431,a01-003u5
16.7369,12.2703,6.3758,10.914,15.0943,15.2613,7.5133,15.8341,a01-003u6
17.7925,12.7176,6.4586,10.6146,14.6814,14.2377,7.3249,16.1726,a01-003u7
18.7091,13.2238,6.553,9.9894,13.6254,13.8924,7.1927,16.8142,a01-003u8
17.7674,12.8951,6.539,10.7471,14.5893,14.2385,7.2734,15.9503,a01-003u9
10.6376,12.6183,10.1103,17.117,18.4266,12.8504,7.0244,11.2154,a01-003x0
11.1437,13.4166,10.9396,16.4892,16.8695,12.86,7.0562,11.2253,a01-003x1
10.9225,13.2429,10.9422,17.2909,17.6566,12.6954,6.5424,10.707,a01-003x10
11.9861,13.5025,10.6431,15.9142,16.3619,12.9939,6.9779,11.6204,a01-003x11
11.5405,14.1316,11.8371,17.1685,16.3068,11.9525,6.5096,10.5534,a01-003x12
11.8653,13.7557,11.1244,16.4616,15.9094,12.4017,7.0075,11.4742,a01-003x13
12.1535,14.3214,11.7524,16.9394,15.6037,11.7055,6.5931,10.9309,a01-003x2
11.595,13.694,11.2446,16.9898,16.5739,12.3072,6.626,10.9696,a01-003x3
12.0351,13.2673,10.3833,16.1887,16.8715,12.6544,6.9515,11.6481,a01-003x4
11.5705,13.5357,10.8467,16.8134,16.9414,12.5736,6.6798,11.0388,a01-003x5
11.6819,13.681,10.942,16.5101,16.7291,12.4077,6.882,11.1662,a01-003x6
12.3447,14.0816,11.0671,16.3248,16.2679,12.2132,6.4981,11.2025,a01-003x7
10.9618,13.0262,10.6311,17.1373,17.4975,12.7822,6.9707,10.9932,a01-003x8
11.5934,13.8204,11.3286,16.5802,16.3262,12.3074,7.0512,10.9926,a01-003x9
18.1786,13.2664,6.8244,10.8928,14.4879,13.5771,6.8436,15.9292,a01-007u0
18.8356,14.4584,7.8227,11.0153,13.6133,12.5129,6.2577,15.4841,a01-007u1
16.9013,11.8702,5.9515,10.5563,15.2875,15.7161,7.5348,16.1822,a01-007u2
17.057,12.8372,7.1441,11.475,15.2876,14.4313,6.6703,15.0976,a01-007u3
17.6539,13.754,7.6933,11.6847,14.8204,13.2005,6.3324,14.861,a01-007u4
17.2209,12.7974,6.941,11.3433,15.5648,14.2143,6.7735,15.1447,a01-007u5
16.2554,12.3456,6.9265,11.6469,15.8395,15.2399,6.8251,14.9212,a01-007u6
18.5861,13.5503,7.0283,10.6683,13.9718,13.3122,6.8367,16.0463,a01-007u7
18.0792,13.6469,7.5082,10.9212,14.2454,13.6313,6.4968,15.4711,a01-007u8
13.2906,14.279,10.7705,15.1873,15.312,12.0907,7.0393,12.0305,a01-007x0
11.6563,13.1599,10.3366,15.824,17.0116,13.2094,7.2222,11.5799,a01-007x1
10.8029,12.6874,10.1499,16.1033,17.9221,13.4806,7.3729,11.4808,a01-007x10
11.3765,12.8379,10.0497,15.1503,16.8259,13.7382,7.9874,12.0342,a01-007x11
11.243,13.3153,10.7287,16.1151,16.8425,12.8582,7.5334,11.3638,a01-007x12
13.388,14.2029,10.746,15.0106,15.2062,12.3201,6.9318,12.1944,a01-007x2
11.5303,13.2585,10.6469,15.5395,16.3698,13.2875,7.6901,11.6775,a01-007x3
11.0748,13.0166,10.4653,16.466,17.5209,13.2109,6.9442,11.3013,a01-007x4
11.0858,12.8456,10.3988,16.3969,17.4886,13.206,7.1889,11.3893,a01-007x5
11.8194,13.7353,11.1489,16.1867,16.001,12.6268,7.1452,11.3366,a01-007x6
12.2288,13.2303,10.1687,15.9415,16.8187,12.9544,6.8711,11.7865,a01-007x7
11.9943,13.5446,10.769,16.0743,16.301,12.7384,7.0289,11.5495,a01-007x8
10.8459,12.4093,9.7892,16.3333,17.9088,13.7184,7.3502,11.645,a01-007x9
11.6061,11.9079,9.5628,15.5964,18.3395,14.6643,7.1249,11.1981,a01-0110
12.4558,11.7108,8.7372,14.5914,17.83,15.2278,7.3014,12.1456,a01-0111
12.309,12.9407,10.3198,16.147,17.6893,13.3729,6.2133,11.0081,a01-01110
12.6327,12.6642,9.7671,15.5929,17.8647,13.998,6.2934,11.187,a01-01111
12.6773,12.4552,9.5107,14.8031,17.1315,14.3258,7.1074,11.989,a01-01112
11.8595,11.2,8.2218,14.727,18.9771,15.9938,7.0808,11.94,a01-0112
11.8125,11.7099,8.9585,14.6027,17.9365,15.1241,7.7049,12.1509,a01-0113
11.9784,11.4534,8.6579,14.614,17.9277,15.7337,7.58,12.0549,a01-0114
12.758,10.6344,6.8399,13.149,18.2275,17.2274,7.663,13.5008,a01-0115
12.6309,12.3314,9.4245,14.7831,17.1641,14.6979,7.002,11.9662,a01-0116
12.4667,11.8317,8.5546,14.7447,18.044,15.1221,6.9583,12.278,a01-0117
12.2287,12.8539,10.2341,16.1348,18.1092,13.6342,6.0469,10.7581,a01-0118
11.953,12.5065,9.9876,15.5426,17.6244,14.2055,6.8739,11.3065,a01-0119
17.3969,13.6145,7.6867,11.5236,14.7456,13.4822,6.5842,14.9661,a01-011u0
16.6063,12.5031,6.899,11.3644,15.2468,14.8822,7.1248,15.3734,a01-011u1
16.1045,12.5191,7.2615,12.1827,16.2381,14.6636,6.5506,14.48,a01-011u2
16.7538,12.5631,7.0351,11.3909,15.4119,14.715,6.7726,15.3576,a01-011u3
18.2317,14.0444,7.7384,11.0698,13.977,13.0662,6.4133,15.4593,a01-011u4
18.1594,13.2573,6.8938,10.6522,14.2983,13.9464,6.8107,15.982,a01-011u5
17.6517,13.0222,6.8259,10.7642,14.4612,14.0754,7.2164,15.9831,a01-011u6
16.5421,12.4049,6.8419,11.4903,15.7949,15.0706,6.7709,15.0843,a01-011u7
17.5672,12.7772,6.7143,10.8476,14.7773,14.4896,6.9531,15.8737,a01-011u8
14.4006,12.6389,8.4525,12.8629,15.9812,14.8027,7.4888,13.3724,a01-0140
14.174,12.8666,8.8657,13.1419,15.7871,14.7524,7.1762,13.2362,a01-0141
14.1113,12.9433,9.0784,13.5223,15.8659,14.1865,7.2086,13.0837,a01-01410
13.4209,12.0408,8.1805,13.7442,17.1711,15.7977,6.9405,12.7042,a01-01411
12.899,12.0978,8.8294,14.041,17.1603,15.0808,7.338,12.5538,a01-01412
13.4099,12.3424,8.6975,13.7579,16.924,14.9982,7.1799,12.6904,a01-01413
12.3301,11.1513,7.7525,13.6637,18.3273,16.6409,7.5675,12.5667,a01-01414
12.9921,12.3469,8.8479,14.1442,17.37,15.1119,6.8532,12.3338,a01-01415
13.3528,12.2527,8.6016,13.7467,16.9383,15.1433,7.1959,12.7688,a01-01416
14.8536,13.2298,8.9251,13.2161,15.5851,13.8064,7.0738,13.3102,a01-0142
13.5759,12.6889,9.0758,13.7418,16.4101,14.4737,7.2513,12.7826,a01-0143
12.9891,12.1299,8.6304,13.8755,16.7904,15.2514,7.4721,12.8613,a01-0144
13.8155,12.3203,8.4714,13.2765,16.3246,14.9421,7.6492,13.2004,a01-0145
14.3024,12.8348,8.6716,13.3571,16.1368,14.4513,7.0702,13.1758,a01-0146
13.6335,12.5694,8.8746,13.9396,16.642,14.8723,6.8491,12.6196,a01-0147
13.6504,12.5592,8.938,13.8678,16.4718,14.4807,7.1556,12.8766,a01-0148
13.6028,12.2599,8.426,13.7193,17.2142,14.933,7.0174,12.8275,a01-0149
17.7657,13.5165,7.445,11.2975,14.652,13.6642,6.5202,15.139,a01-014u0
17.4679,12.9941,7.0085,11.0518,14.8716,14.3375,6.8013,15.4673,a01-014u1
16.3546,12.2158,6.6616,11.4775,15.807,15.0516,7.1261,15.3058,a01-014u2
16.1551,12.5387,7.2392,11.6102,15.994,15.0655,6.7876,14.6097,a01-014u3
18.1637,13.6543,7.2565,10.7417,14.0614,13.8197,6.6787,15.624,a01-014u4
17.3451,12.8782,6.8765,10.916,14.8913,14.6543,6.841,15.5977,a01-014u5
16.6917,12.6397,6.9481,11.666,15.7158,14.6304,6.85,14.8584,a01-014u6
12.2523,14.5714,12.2563,16.4127,14.9148,11.5334,6.9695,11.0897,a01-014x0
12.3487,15.121,13.002,16.8451,14.8013,11.0158,6.3359,10.5302,a01-014x1
13.1933,15.6252,13.0743,15.5238,13.9402,11.0539,6.6425,10.9466,a01-014x10
12.6754,14.9856,12.5749,15.6692,14.2566,11.726,6.7783,11.334,a01-014x11
13.5652,15.7658,12.807,15.2898,13.9163,11.1964,6.3519,11.1077,a01-014x12
12.4026,15.2948,13.2439,16.7061,14.3101,11.1077,6.1994,10.7355,a01-014x13
11.7545,15.4818,13.6636,17.8182,14.8,10.7091,5.8545,9.9182,a01-014x14
12.2405,15.4526,13.6138,16.4549,13.9531,11.1041,6.7319,10.4491,a01-014x15
13.1202,16.1263,13.6913,16.5956,14.0785,10.3833,5.7692,10.2356,a01-014x16
13.2493,15.5195,12.809,15.9203,14.2816,11.0539,6.2331,10.9334,a01-014x17
13.2183,15.632,13.1862,15.4948,13.6824,11.1228,6.6427,11.0206,a01-014x18
13.305,15.7694,13.1712,15.9886,13.9696,10.8083,6.2095,10.7783,a01-014x19
12.6245,14.8591,12.2549,16.1427,14.839,11.6383,6.6483,10.9931,a01-014x2
13.81,16.1653,13.2701,15.2092,13.34,10.8449,6.2765,11.084,a01-014x20
12.5561,14.936,12.5371,16.2786,14.8684,11.4485,6.5698,10.8056,a01-014x3
12.9662,15.3501,12.6483,15.984,14.2497,11.2163,6.4986,11.0867,a01-014x4
12.2631,15.0709,12.8475,16.9623,14.981,11.11,6.3607,10.4046,a01-014x5
12.9332,15.3428,12.6944,15.9165,14.3968,11.3104,6.4584,10.9475,a01-014x6
12.4031,15.3118,12.8615,16.3056,14.6485,11.2064,6.6184,10.6446,a01-014x7
12.8582,15.5392,13.0847,15.7712,13.7915,11.1298,6.8971,10.9283,a01-014x8
12.9306,15.2687,12.9285,16.1887,14.2342,10.9889,6.5225,10.938,a01-014x9
13.2656,14.268,11.0779,15.7442,16.0091,12.184,6.062,11.3892,a01-0200
13.5867,14.8971,11.6381,15.3761,15.1304,11.7863,6.0612,11.5242,a01-0201
13.6002,14.9125,11.6382,15.1314,15.0396,11.9136,6.3099,11.4545,a01-0202
13.3855,14.9475,11.8361,15.6529,15.1852,11.644,6.0464,11.3023,a01-0203
13.9054,14.8887,11.6172,14.8735,14.5959,11.9133,6.3468,11.8592,a01-0204
13.661,14.5623,11.224,15.4542,15.6866,12.0908,5.824,11.4972,a01-0205
14.0279,14.9694,11.5476,14.9858,14.76,11.7679,6.2027,11.7388,a01-0206
16.9239,12.6423,6.7615,11.3796,15.4259,14.816,6.845,15.2057,a01-020u0
17.5218,13.4735,7.4298,11.2797,14.5657,13.703,6.7583,15.2683,a01-020u1
15.8832,11.9217,6.6041,11.2448,15.8971,15.8716,7.2925,15.2851,a01-020u2
17.2017,12.5606,6.6841,10.8725,15.0154,14.888,7.0549,15.7229,a01-020u3
18.1625,12.8149,6.2768,9.8295,13.7105,14.4083,7.777,17.0206,a01-020u4
17.1619,12.475,6.5376,10.9994,15.2161,15.0185,7.0303,15.5612,a01-020u5
17.7072,13.0182,6.8668,10.8694,14.478,14.42,6.9345,15.7059,a01-020u6
17.5822,13.0114,6.9005,11.1333,14.9062,14.1223,6.9088,15.4353,a01-020u7
17.8865,13.0833,6.7927,10.5783,14.2673,14.1868,7.1766,16.0286,a01-020u8
13.5617,13.4476,9.9531,15.677,18.1107,13.2145,5.2723,10.7632,a01-020x0
12.6865,12.8005,9.683,15.6069,18.7406,13.9358,5.7414,10.8053,a01-020x1
12.5656,12.79,9.779,15.7719,18.5508,14.0535,5.8357,10.6535,a01-020x2
12.7053,12.7845,9.6452,15.3017,18.1463,14.2398,6.1111,11.0661,a01-020x3
13.2232,12.9663,9.5398,15.1033,17.8216,14.0458,5.9348,11.3651,a01-020x4
13.0648,13.6963,10.5216,15.4842,16.7375,12.8735,6.1245,11.4978,a01-0260
13.1438,14.0538,10.6906,15.2331,15.8279,12.5653,6.6466,11.8388,a01-0261
13.9207,14.3455,10.5627,14.4634,15.2701,12.5665,6.6546,12.2165,a01-0262
12.8138,13.9552,10.787,15.3493,16.0782,12.7006,6.6977,11.6182,a01-0263
13.5309,14.6134,11.1974,15.2046,15.3288,12.1142,6.372,11.6387,a01-0264
13.3962,14.3474,11.0158,15.6529,15.9491,12.1457,6.0126,11.4803,a01-0265
14.9248,11.4897,6.6667,12.5468,17.6567,15.9704,6.6713,14.0736,a01-026u0
17.1198,13.2934,7.4295,11.2812,14.5252,14.0647,7.0059,15.2803,a01-026u1
17.7244,13.4766,7.2316,11.132,14.4342,13.5755,6.9904,15.4353,a01-026u2
16.2093,12.469,7.1077,11.9086,15.904,14.7757,6.7349,14.8908,a01-026u3
17.595,13.4481,7.3484,11.2441,14.764,13.8461,6.5972,15.1571,a01-026u4
17.696,13.1455,7.0903,10.9021,14.5521,13.9183,7.0583,15.6373,a01-026u5
16.2766,12.4793,6.9823,11.645,15.7651,15.0444,7.003,14.8042,a01-026u6
17.7023,13.2324,7.1693,10.9617,14.5557,13.849,6.8517,15.6778,a01-026u7
17.3538,13.1765,7.2886,11.3136,14.8545,14.0332,6.7854,15.1945,a01-026u8
18.1405,13.7239,7.356,11.2635,14.5541,13.3427,6.4055,15.2137,a01-026u9
12.2081,15.063,12.7519,17.2121,14.8917,10.981,6.3063,10.5858,a01-026x0
12.7914,15.2941,12.777,16.2088,14.3874,11.1891,6.4957,10.8565,a01-026x1
13.7364,15.7773,12.6941,15.7488,14.1459,11.0386,5.9802,10.8788,a01-026x10
13.6846,15.4244,12.5493,15.251,14.042,11.3456,6.2891,11.4139,a01-026x11
13.4338,15.9594,13.2875,15.761,13.973,10.9022,5.9231,10.7599,a01-026x12
11.8498,14.9936,13.1863,17.6877,15.2991,10.8401,5.9567,10.1867,a01-026x13
12.465,15.2203,13.0059,16.6975,14.7354,11.1419,6.0461,10.6879,a01-026x14
13.1412,15.8851,13.3725,16.291,14.1979,10.7737,5.871,10.4676,a01-026x15
14.5307,15.4008,11.9456,14.5357,13.4957,11.1756,6.8653,12.0506,a01-026x16
13.4423,15.9081,12.9492,15.8186,13.7505,10.7956,6.3891,10.9467,a01-026x17
13.4318,15.4841,12.5263,15.5864,13.9666,11.113,6.5508,11.3409,a01-026x18
12.9549,15.4262,13.0717,16.3414,14.5063,11.0317,6.0318,10.6361,a01-026x19
13.3355,15.1546,12.2059,15.5625,14.5429,11.3682,6.6091,11.2215,a01-026x2
12.7618,15.1737,12.7267,16.2189,14.3723,11.2409,6.4833,11.0225,a01-026x3
12.8242,14.9248,12.2289,15.7346,14.5901,11.7118,6.7529,11.2327,a01-026x4
12.8824,15.0473,12.4763,16.3973,14.9678,11.2581,6.1655,10.8053,a01-026x5
13.1374,15.6123,12.8939,15.7139,14.2972,11.0728,6.4144,10.8581,a01-026x6
13.5183,15.4446,12.3785,15.2765,14.0418,11.3168,6.6678,11.3557,a01-026x7
13.0108,15.5745,12.8536,16.207,14.5621,11.0868,6.0531,10.6521,a01-026x8
14.5581,16.1664,12.8726,14.921,13.3086,10.9285,5.847,11.3978,a01-026x9
12.8753,11.387,7.7932,13.5201,17.5307,16.1014,7.7833,13.0089,a01-0300
12.8968,11.237,7.7,13.5288,17.7497,16.3759,7.6606,12.8512,a01-0301
11.8932,12.2499,9.691,15.4447,18.0036,14.3901,6.9498,11.3776,a01-03010
12.6831,12.8589,9.8945,15.3959,17.3383,13.8379,6.4355,11.556,a01-03011
12.8099,11.6546,8.2463,14.0321,17.7171,15.7477,7.3677,12.4248,a01-0302
12.6431,11.5892,8.3622,13.9183,17.5442,15.7334,7.6358,12.5737,a01-0303
12.6512,11.606,8.3143,14.0636,17.5917,15.7925,7.4606,12.5203,a01-0304
12.8616,11.6484,8.2954,13.9287,17.3434,15.5574,7.6608,12.7043,a01-0305
11.5344,11.7089,9.1577,15.1842,18.2147,15.0269,7.4889,11.6843,a01-0306
12.364,11.5245,8.4169,13.9381,17.3263,15.6836,8.0292,12.7174,a01-0307
12.0587,13.0128,10.6126,15.8886,17.1341,13.3427,6.8294,11.1212,a01-0308
12.7196,13.2595,10.6037,15.8567,16.9977,13.0103,6.394,11.1583,a01-0309
16.1865,12.4751,7.034,11.7969,15.8419,15.1946,6.7203,14.7506,a01-030u0
17.3498,12.7135,6.6543,10.8655,14.6965,14.3439,7.402,15.9744,a01-030u1
16.1825,12.0382,6.6548,11.1614,15.6656,15.6148,7.3263,15.3564,a01-030u2
17.8693,13.1807,6.9665,10.9307,14.69,13.9353,6.7872,15.6403,a01-030u3
18.4793,13.1477,6.5415,10.2098,14.0104,13.9741,7.1399,16.4974,a01-030u4
18.1524,13.5376,7.0606,10.903,14.1962,13.4775,6.919,15.7538,a01-030u5
17.2325,13.2752,7.4189,11.4515,14.9883,14.3066,6.5004,14.8267,a01-030u6
17.7493,13.2108,7.1385,10.7697,14.3215,14.0993,6.8837,15.8273,a01-030u7
16.7066,12.9332,7.2635,11.4075,14.9684,14.5189,7.0401,15.1618,a01-030u8
12.6435,12.6598,9.6143,15.6596,18.3139,14.1793,5.8579,11.0718,a01-030x0
13.5888,14.6341,11.507,16.5755,16.9308,11.7336,4.7455,10.2848,a01-030x1
13.0563,13.7227,10.6088,16.2193,17.9073,12.7992,5.2773,10.4092,a01-030x2
13.676,13.6047,9.9852,15.2318,17.1743,13.2554,5.7669,11.3058,a01-030x3
13.6169,13.9817,10.5848,15.4187,16.4407,12.7869,5.7953,11.375,a01-030x4
12.7534,12.7588,9.6011,15.2896,18.1112,14.1262,6.187,11.1727,a01-030x5
13.3526,12.3728,8.858,13.7595,16.7282,14.9641,7.2813,12.6834,a01-0380
13.713,12.4512,8.7686,13.6811,16.8367,14.7831,6.9683,12.798,a01-0381
14.1059,13.0751,9.0922,13.4712,16.1171,14.2632,6.8592,13.0161,a01-03810
13.0864,11.7312,8.1981,13.7519,17.1612,15.7351,7.3778,12.9582,a01-03811
14.3502,12.7693,8.7645,13.3341,15.8346,14.3104,7.2829,13.354,a01-03812
13.38,12.2699,8.6189,13.8385,17.3274,15.0934,7.0365,12.4354,a01-03813
14.2289,12.9403,8.8627,13.7253,16.2922,14.2212,6.8743,12.8551,a01-03814
14.1384,12.9559,9.116,13.3886,15.536,14.0805,7.4731,13.3115,a01-03815
13.1855,11.9993,8.2931,14.1088,17.9464,15.4855,6.6568,12.3246,a01-03816
13.9937,12.673,8.822,13.5394,16.2282,14.3951,7.3006,13.0481,a01-03817
13.7278,12.0631,8.1838,12.9188,16.3469,15.8438,7.4059,13.51,a01-03818
13.6023,12.5883,8.8678,13.5289,16.4907,14.5709,7.3082,13.0429,a01-03819
13.9388,12.5881,8.5677,13.4912,16.4574,14.7518,7.1482,13.0568,a01-0382
14.104,12.7083,8.8165,13.5457,16.0898,14.6782,7.062,12.9955,a01-03820
13.8937,12.5606,8.5297,13.4889,16.6206,14.8948,7.0269,12.9848,a01-03821
13.7659,12.8455,9.138,13.9097,16.4035,14.5943,6.7334,12.6097,a01-03822
13.1438,11.9964,8.4535,13.7546,17.1298,15.4123,7.3205,12.7892,a01-0383
14.305,13.6452,9.7367,13.8149,15.4707,13.5038,6.7519,12.7718,a01-0384
13.0681,12.4566,9.1462,14.3742,17.0806,14.6422,6.9719,12.2603,a01-0385
14.2724,12.746,8.6564,13.2456,15.8466,14.3879,7.3835,13.4615,a01-0386
13.7746,12.7707,8.9987,13.8437,16.7369,14.2189,6.9712,12.6851,a01-0387
13.2289,11.7232,8.0983,13.4644,17.1932,15.348,7.7643,13.1797,a01-0388
14.1355,12.7814,8.8053,13.418,16.121,14.3338,7.1669,13.238,a01-0389
8.1383,10.6943,9.1902,15.8761,21.6775,15.3561,8.0247,11.0429,a01-038x0
9.5582,11.8283,9.6935,15.9542,19.5189,14.242,7.9345,11.2704,a01-038x1
9.897,12.3366,10.2062,16.0593,18.1455,13.6458,8.2385,11.4712,a01-038x2
9.9154,11.8892,9.5131,15.8402,18.852,14.1395,8.0871,11.7634,a01-038x3
9.4528,11.967,9.9631,16.4596,19.322,13.918,7.8688,11.0487,a01-038x4
9.9382,12.8465,10.785,17.3627,17.8652,12.783,7.6269,10.7924,a01-038x5
9.9218,12.6149,10.513,17.1558,18.3365,13.1973,7.444,10.8166,a01-038x6
10.3707,12.687,10.4265,17.1832,17.7845,12.9102,7.544,11.0939,a01-038x7
10.1866,12.8971,10.7017,17.1443,17.4787,12.8278,7.7075,11.0563,a01-038x8
10.3337,12.9517,10.7123,16.997,17.2336,12.8457,7.799,11.1269,a01-038x9
11.1977,12.8764,10.9379,17.7555,18.4814,12.7691,5.7247,10.2574,a01-0430
12.0014,13.9485,11.6292,16.6852,16.57,12.2913,6.2197,10.6547,a01-0431
11.9932,14.1232,11.6121,16.6915,16.5019,12.2134,6.3309,10.5338,a01-04310
10.6387,13.7615,12.1883,18.4693,17.7063,11.9877,5.5219,9.7263,a01-04311
11.361,13.7704,11.8365,17.7266,16.9743,12.0852,6.173,10.073,a01-04312
12.4869,13.9233,11.3359,16.5234,16.46,12.3696,5.901,10.9998,a01-04313
12.0031,13.775,11.315,16.5737,16.2433,12.3819,6.4519,11.2561,a01-04314
12.8013,14.9837,12.3996,16.24,15.1096,11.3612,6.1147,10.9901,a01-04315
12.5186,14.6302,12.035,16.4763,15.889,11.8558,5.8253,10.7697,a01-04316
12.7257,14.7808,12.192,16.5406,15.7822,11.6811,5.7429,10.5548,a01-04317
12.6346,14.3521,11.6173,16.3778,16.1334,12.1171,6.0905,10.6771,a01-04318
11.9551,14.1072,11.8403,17.0209,16.6722,12.1316,5.865,10.4077,a01-0432
11.8318,13.7005,11.2562,16.8019,16.7331,12.4471,6.4133,10.8161,a01-0433
11.3805,13.7993,11.9209,17.9574,17.0628,11.9891,5.7243,10.1658,a01-0434
11.7846,14.0698,11.9013,17.0242,16.3654,12.0098,6.1613,10.6837,a01-0435
12.4102,14.2372,11.5335,16.364,16.1736,12.2858,6.1938,10.8019,a01-0436
11.0131,13.6241,11.8916,18.8565,18.2275,11.7405,5.0743,9.5723,a01-0437
12.1443,14.4319,11.9748,16.8325,16.0004,11.8271,6.1764,10.6126,a01-0438
11.279,13.9676,12.1572,18.25,16.7532,11.6126,5.8904,10.0901,a01-0439
16.1947,12.8045,7.4208,12.0431,15.8886,14.5665,6.7598,14.3221,a01-043u0
16.5021,12.6686,7.2289,12.1107,16.0009,14.192,6.6688,14.6279,a01-043u1
16.9337,12.7859,6.9739,11.1891,14.7111,14.5174,7.2966,15.5923,a01-043u2
17.2434,12.972,7.0645,10.8948,14.4911,14.4774,7.0699,15.7869,a01-043u3
17.289,13.0104,7.1069,11.2924,14.8331,14.0602,6.9393,15.4686,a01-043u4
17.0314,12.6784,6.9294,11.1891,15.3027,14.5939,6.8672,15.408,a01-043u5
15.9508,12.4767,7.2148,12.1234,16.4163,14.9035,6.6245,14.2899,a01-043u6
18.8933,13.7812,7.0296,10.2499,13.4962,13.2559,6.8883,16.4056,a01-043u7
9.7845,11.9511,9.6083,15.7544,19.2102,14.1338,8.0598,11.4979,a01-043x0
9.5242,11.6345,9.4747,15.8873,20.0481,14.5465,7.6357,11.2489,a01-043x1
9.6519,12.1752,10.1218,16.3086,19.1539,13.9618,7.5522,11.0746,a01-043x2
8.7941,11.5199,9.6516,15.7642,20.1001,14.7666,8.0932,11.3103,a01-043x3
9.9748,12.228,10.0349,16.0475,18.9002,13.9815,7.5875,11.2456,a01-043x4
9.61,11.889,9.7549,15.7469,19.2088,14.3289,8.044,11.4174,a01-043x5
9.3702,12.2781,10.2855,17.4313,19.8573,13.622,6.7334,10.4222,a01-043x6
10.6599,12.8139,10.3145,16.6177,17.5524,13.0055,7.5386,11.4975,a01-043x7
11.5739,13.7218,11.6428,17.3556,17.0453,12.2324,6.0541,10.3741,a01-0490
11.0415,13.5392,11.2458,16.6515,16.5519,12.5933,7.3164,11.0604,a01-0491
11.4995,14.291,12.4384,17.637,16.5278,11.6192,6.0087,9.9784,a01-04910
11.7597,14.2268,12.0011,16.8951,16.4801,11.9709,6.2143,10.4519,a01-04911
11.6024,14.7666,13.3251,18.8714,17.0783,11.031,4.3069,9.0182,a01-04912
12.0373,14.3341,12.1815,17.1238,16.0609,11.8126,5.9113,10.5385,a01-04913
13.3644,15.155,12.2038,15.9328,15.001,11.5637,5.9672,10.8122,a01-04914
12.2189,14.657,12.2108,16.6828,15.86,11.6395,6.3186,10.4124,a01-04915
12.6552,15.1233,12.5509,17.0739,15.4001,11.0724,5.8253,10.2989,a01-04916
12.8735,15.1515,12.4317,16.5141,15.2055,11.2573,6.0006,10.5658,a01-04917
12.9729,14.836,12.3086,15.7594,14.9858,11.6322,6.3629,11.1422,a01-04918
12.326,14.2533,11.7822,16.466,15.7805,12.1135,6.1859,11.0926,a01-04919
10.8961,13.4617,11.5925,17.7912,17.1539,12.1641,6.3038,10.6366,a01-0492
12.7472,15.2223,12.594,16.4722,15.0781,11.3689,5.9997,10.5175,a01-04920
12.6569,14.5355,11.8965,16.08,15.6583,11.8657,6.2373,11.0698,a01-04921
11.8095,13.9908,11.5837,16.8317,16.2558,12.1675,6.4739,10.8871,a01-0493
11.3803,14.1712,12.3431,17.6737,16.5623,11.763,6.0156,10.0909,a01-0494
12.2182,14.4566,12.1131,16.5522,15.4936,11.7091,6.6397,10.8175,a01-0495
10.6922,13.55,11.8613,19.1573,18.5024,11.8992,5.1418,9.1957,a01-0496
12.4235,14.2189,11.4528,16.1354,16.1138,12.3903,6.5063,10.7591,a01-0497
12.0996,14.2863,11.8188,16.8794,16.3093,11.8315,6.3476,10.4276,a01-0498
11.9944,14.3346,11.9556,17.0506,16.3474,11.8392,6.247,10.2314,a01-0499
16.7044,13.2435,7.6401,11.9176,15.1744,13.9814,6.6562,14.6824,a01-049u0
16.9243,12.6154,6.9726,11.0699,15.2625,14.8912,6.8606,15.4036,a01-049u1
17.7938,13.3127,7.1672,10.8499,14.3871,14.0353,6.8428,15.6112,a01-049u2
18.7118,13.857,7.2054,10.8456,14.15,13.1461,6.6945,15.3896,a01-049u3
18.132,13.5591,7.3124,10.5745,13.7857,13.6331,6.9264,16.0768,a01-049u4
18.208,13.395,7.1139,10.5073,13.6803,13.8381,7.0721,16.1854,a01-049u5
17.4852,12.4754,6.464,10.3324,14.2685,14.7627,7.6339,16.5777,a01-049u6
17.7054,12.8303,6.564,10.8663,14.8304,14.3749,6.9992,15.8293,a01-049u7
17.5874,12.9814,6.9212,10.8521,14.3205,14.0527,7.22,16.0646,a01-049u8
13.9456,12.0315,7.6471,13.2722,17.2473,15.4225,7.236,13.1978,a01-049x0
13.8525,12.0138,7.7022,13.0844,16.7061,15.4426,7.4989,13.6996,a01-049x1
13.7576,12.3897,8.2197,13.6467,17.0048,14.9237,7.0629,12.9951,a01-049x2
16.1342,12.529,7.0082,11.4762,15.0551,14.6954,7.7902,15.3117,a01-049x3
15.4507,12.3328,7.2035,11.9357,15.6335,15.1625,7.5194,14.7617,a01-049x4
13.8386,12.233,8.013,13.4131,17.0398,15.1699,7.1503,13.1422,a01-049x5
16.2432,13.6634,8.2418,12.2406,14.9044,13.6516,6.9167,14.1383,a01-049x6
13.6369,12.2254,8.0169,14.0147,17.2841,15.078,6.9203,12.8237,a01-049x7
14.0803,11.9059,7.5392,13.3801,17.4608,15.4285,6.9211,13.2841,a01-049x8
14.3802,17.5878,15.1533,17.249,14.0644,9.0703,3.2603,9.2348,a01-0530
15.7171,17.4529,13.7467,15.6062,13.6358,9.2874,4.1188,10.4351,a01-0531
13.5545,16.8056,14.8302,17.7675,14.8663,9.7582,3.3179,9.0998,a01-05310
13.4964,16.4067,14.0572,17.4388,15.607,10.3571,3.6139,9.023,a01-05311
14.1571,16.5722,13.7141,17.7535,15.4956,9.6794,3.363,9.265,a01-05312
14.4417,16.8561,13.8802,16.7676,14.4904,9.8165,3.9354,9.8121,a01-05313
13.9398,16.5009,13.687,17.1029,15.3534,10.1114,3.9914,9.3132,a01-05314
13.0129,15.999,13.8444,17.9655,15.9626,10.4576,3.8298,8.9281,a01-05315
14.0342,17.2067,14.6944,17.6096,14.9788,9.5582,3.0066,8.9115,a01-05316
13.9126,16.4589,13.7158,16.8813,14.8721,10.0869,4.3464,9.7261,a01-05317
13.6997,16.2153,13.8424,17.2939,15.3027,10.4772,3.6041,9.5646,a01-05318
14.3575,16.5608,14.0068,16.3239,14.4285,10.0976,4.1035,10.1213,a01-05319
14.0418,17.5545,15.2251,17.7587,14.7332,9.1647,2.7703,8.7517,a01-0532
13.903,16.7666,14.4102,16.8311,14.7653,10.0895,3.7305,9.5038,a01-05320
13.922,16.8677,14.5337,17.353,14.9267,9.8247,3.2669,9.3053,a01-05321
14.8986,16.8077,13.8229,16.5781,14.6732,9.7878,3.5673,9.8644,a01-05322
14.2499,16.4803,13.6329,16.8762,15.2397,10.1983,3.6854,9.6374,a01-05323
14.6095,17.3224,14.5212,16.8416,14.1974,9.4241,3.5665,9.5173,a01-05324
15.0611,17.0986,13.866,16.1979,14.2857,9.9018,3.5998,9.9892,a01-05325
14.3576,17.3154,14.7298,17.2283,14.4922,9.4516,3.1835,9.2417,a01-05326
14.3201,16.9092,14.1666,17.0801,14.997,9.8224,3.3707,9.3339,a01-05327
13.3994,16.3707,14.2766,17.3895,15.0159,10.1875,4.0184,9.3421,a01-05328
14.4351,16.1146,13.0193,16.3187,14.8561,10.668,4.1583,10.4299,a01-05329
14.4905,16.9727,14.2029,16.663,14.4994,9.8403,3.637,9.6943,a01-0533
14.6276,16.8235,13.5853,15.8876,14.2309,10.176,4.3167,10.3523,a01-0534
13.8135,16.5947,14.1939,17.6794,15.181,9.9784,3.3261,9.233,a01-0535
13.7117,17.3825,15.1669,17.7581,14.735,9.4024,3.131,8.7124,a01-0536
14.7901,17.2601,14.2324,16.5231,14.1228,9.6659,3.5656,9.8401,a01-0537
14.2879,16.9803,14.094,16.7669,14.606,9.8925,3.6971,9.6753,a01-0538
14.3329,17.4925,14.9104,17.5929,14.5464,9.2317,2.921,8.9722,a01-0539
17.8842,13.1159,6.7317,10.6064,14.2254,13.8804,7.2753,16.2807,a01-053u0
18.459,13.5396,7.1206,10.4358,13.5416,13.5123,6.9949,16.3962,a01-053u1
18.0981,13.2479,6.7981,10.5547,13.9174,13.8265,7.3344,16.2228,a01-053u2
17.2601,13.0308,7.1755,11.1313,14.6693,14.0477,6.9841,15.7011,a01-053u3
17.7807,12.6761,6.4976,10.3822,14.6667,14.5926,7.0997,16.3046,a01-053u4
17.6052,13.4806,7.2693,11.3841,14.7019,13.5537,6.7476,15.2577,a01-053u5
17.9729,13.2981,6.8412,10.6063,14.2723,13.8732,7.1188,16.0173,a01-053u6
16.6613,12.8609,7.2686,11.608,15.0909,14.2048,7.1209,15.1845,a01-053u7
17.3735,13.8017,7.9697,11.9001,14.8547,13.1595,6.3313,14.6096,a01-053u8
12.7674,15.7393,13.4937,18.2504,15.5271,10.1726,4.6282,9.4213,a01-053x0
13.9228,16.1339,13.3135,16.6081,14.5075,10.2499,4.8719,10.3924,a01-053x1
13.5062,17.0376,14.6386,17.1678,13.9915,9.6315,4.4981,9.5289,a01-053x10
13.5526,15.6979,13.0691,17.2745,15.2688,10.4914,4.7298,9.9159,a01-053x11
13.8724,16.3226,13.4964,17.3261,14.7588,9.9031,4.3776,9.943,a01-053x12
13.599,16.4726,13.9225,17.2718,14.7446,9.9642,4.4378,9.5874,a01-053x13
14.0427,16.5089,13.7485,17.009,14.3369,9.8299,4.499,10.0251,a01-053x14
13.3951,16.1681,13.8557,16.9706,14.7198,10.2564,4.7863,9.8481,a01-053x15
13.6809,16.7235,14.4793,17.414,14.5225,9.5766,4.1302,9.473,a01-053x16
14.1148,16.2968,13.3479,16.845,14.6445,10.009,4.6882,10.0538,a01-053x17
13.2992,16.7175,14.4048,18.5188,15.106,9.3172,3.7236,8.9129,a01-053x18
13.4555,16.0325,13.286,17.368,14.9605,10.1913,4.799,9.9072,a01-053x19
12.6545,15.5619,13.3064,17.9734,15.5772,10.5123,4.7986,9.6156,a01-053x2
14.1353,16.6199,13.679,17.1414,14.727,9.7929,4.217,9.6876,a01-053x20
13.8157,15.9272,13.1479,16.6951,14.8782,10.4604,4.8801,10.1955,a01-053x3
12.9636,15.1525,12.7935,17.3302,15.7707,10.837,5.0017,10.1508,a01-053x4
12.2995,15.2694,13.322,17.8999,15.5452,10.7594,5.1167,9.7879,a01-053x5
13.2041,16.259,14.0972,17.5581,14.8686,9.9868,4.3134,9.7128,a01-053x6
13.3757,16.171,13.6327,17.9298,15.2842,9.9402,4.2781,9.3883,a01-053x7
13.6834,16.1817,13.3717,17.1929,15.0039,10.1692,4.5897,9.8075,a01-053x8
14.1215,15.8749,12.9803,16.8819,14.86,10.1528,4.6835,10.445,a01-053x9
14.175,17.0416,14.6716,17.1244,14.7092,9.6231,3.4685,9.1867,a01-0580
13.7328,17.0877,15.0061,17.8506,15.2132,9.4735,3.0265,8.6095,a01-0581
14.6104,17.8305,15.2166,16.7193,13.8149,9.1489,3.2264,9.433,a01-05810
14.7139,17.2458,14.5588,17.53,15.011,9.3593,2.5449,9.0363,a01-05811
13.4772,17.2738,15.1567,17.7765,14.9497,9.5033,3.2762,8.5866,a01-05812
14.6497,17.0673,14.1253,16.594,14.4362,9.8608,3.5731,9.6937,a01-05813
13.8973,16.7365,14.1246,16.7276,14.6104,10.0686,4.261,9.5739,a01-05814
13.7898,17.3437,15.1577,17.7321,14.5709,9.2194,3.4051,8.7814,a01-05815
15.7413,17.173,13.4409,16.2648,14.2302,9.225,3.7757,10.1491,a01-05816
14.1824,17.0511,14.2852,16.9174,14.7582,9.7817,3.6776,9.3464,a01-05817
14.8659,17.5791,14.5021,16.8459,14.2238,9.2899,3.2911,9.4023,a01-05818
13.3279,16.4707,14.3639,17.4485,15.2602,10.3248,3.5037,9.3004,a01-05819
14.2939,17.3811,14.681,16.8984,14.4707,9.5293,3.4026,9.3429,a01-0582
14.073,17.3623,14.9452,17.4122,14.7645,9.5004,3.009,8.9335,a01-05820
12.845,16.4911,14.698,18.8308,15.8712,9.9453,3.0263,8.2922,a01-05821
13.376,16.5906,14.3408,17.8049,15.2869,10.072,3.6805,8.8483,a01-05822
14.1379,17.0585,14.4775,17.2414,14.6499,9.7858,3.3751,9.2738,a01-05823
13.4483,17.3227,15.3701,18.1253,14.8414,9.2691,3.1952,8.4279,a01-05824
14.0304,16.4693,13.7361,17.3103,15.3304,10.2285,3.5567,9.3384,a01-05825
13.6808,17.195,15.0937,17.8471,14.745,9.424,3.2153,8.799,a01-05826
14.1235,17.0312,14.5799,17.1406,14.7534,9.6885,3.4093,9.2736,a01-05827
13.2517,15.8631,13.4733,17.5301,15.8894,10.7881,3.8774,9.3269,a01-05828
14.4033,17.4182,14.878,17.0882,14.2809,9.4341,3.3042,9.1931,a01-05829
14.4006,17.0949,14.1905,16.583,14.6172,9.8651,3.692,9.5566,a01-0583
13.9637,16.7407,13.9064,17.4072,15.4758,9.9541,3.5581,8.9938,a01-05830
14.1078,16.3383,13.6389,16.9919,15.0076,10.2387,3.9023,9.7746,a01-05831
14.1385,17.653,15.0334,17.6077,14.8424,9.2312,2.9262,8.5675,a01-05832
14.2567,17.3217,14.5955,17.1914,14.5746,9.4766,3.3101,9.2734,a01-05833
14.22,17.1817,14.761,17.2087,14.2268,9.5138,3.3403,9.5476,a01-0584
14.0274,17.784,15.7199,18.0895,14.5806,8.8672,2.3943,8.537,a01-0585
14.1531,16.8691,14.1694,17.2414,15.0284,10.0094,3.2847,9.2445,a01-0586
14.518,16.4516,13.3314,16.3658,14.8326,10.4257,3.9172,10.1576,a01-0587
14.0193,16.1396,13.3066,17.611,16.0616,10.3,3.4357,9.1264,a01-0588
13.7102,16.5386,14.039,17.5368,15.4651,10.0737,3.4226,9.2141,a01-0589
16.8836,12.9875,7.3916,11.5985,15.4924,14.2598,6.6617,14.7249,a01-058u0
16.9585,12.4389,6.678,10.771,14.8619,14.9664,7.3499,15.9753,a01-058u1
16.7495,12.8657,7.3136,11.2739,14.9498,14.5076,7.0459,15.294,a01-058u2
17.6474,12.7851,6.8253,10.1637,14.0958,14.5515,7.3228,16.6085,a01-058u3
17.3734,12.4748,6.5114,10.5971,14.8402,14.8244,7.2483,16.1304,a01-058u4
17.2295,12.2985,6.3769,10.5505,14.8579,14.7694,7.4753,16.4419,a01-058u5
17.5845,13.392,7.1717,11.3281,14.6485,13.7331,6.8377,15.3044,a01-058u6
12.1709,13.6713,11.1622,17.9217,18.6164,12.3961,4.5486,9.5128,a01-058x0
12.4678,13.9826,11.4941,17.814,18.3754,12.1213,4.4333,9.3116,a01-058x1
13.4075,16.7613,14.5318,17.4691,14.4182,9.6904,4.3417,9.38,a01-058x10
13.1008,15.669,13.4398,18.1582,15.7804,10.2029,4.2446,9.4042,a01-058x11
13.4728,15.3469,12.7555,16.9374,15.2023,10.7907,5.1515,10.3428,a01-058x12
13.5258,16.2317,13.7594,17.3808,14.8306,9.96,4.5519,9.7598,a01-058x13
13.0468,16.5368,14.4793,17.9131,14.367,9.5955,4.4765,9.585,a01-058x14
12.86,15.5558,13.4186,17.1483,15.325,10.8013,5.1052,9.7858,a01-058x15
13.0429,16.2257,13.9567,17.9609,15.1408,9.9011,4.4047,9.3672,a01-058x16
12.9537,15.6709,13.2607,17.2343,15.6896,10.8692,4.7832,9.5384,a01-058x17
12.6224,15.4127,13.081,17.7988,15.8324,10.7259,4.749,9.7777,a01-058x18
12.2009,15.029,13.1496,18.2383,16.491,10.8559,4.6954,9.3398,a01-058x19
12.7451,15.8561,13.756,18.1213,15.2159,10.1584,4.6259,9.5212,a01-058x2
13.8399,16.2768,13.5931,17.1251,14.7293,9.9738,4.4008,10.0612,a01-058x20
13.6024,16.4837,13.8572,17.8543,15.1668,9.8278,3.929,9.2788,a01-058x21
13.2027,16.5245,14.4613,17.6566,14.4743,9.8193,4.3793,9.4819,a01-058x22
13.4558,16.0649,13.7629,17.2819,14.4518,10.1923,4.7933,9.9971,a01-058x23
13.9065,16.4119,13.6306,17.2893,14.944,10.0381,4.1333,9.6463,a01-058x24
13.1662,16.182,14.0208,17.7465,14.733,9.9194,4.5582,9.6739,a01-058x25
12.5234,15.225,13.2051,17.8306,15.7249,10.8367,4.9942,9.6602,a01-058x26
13.0738,15.9317,13.7081,17.0115,14.7614,10.4991,5.0815,9.9328,a01-058x3
13.0797,15.6568,13.4137,17.9544,15.6971,10.3273,4.3631,9.5078,a01-058x4
12.8626,15.8354,13.7704,17.8421,14.9091,10.1234,4.8653,9.7916,a01-058x5
13.5687,16.6542,14.3152,17.0524,14.0557,9.8539,4.6177,9.8823,a01-058x6
12.59,15.6442,13.645,18.0165,15.6879,10.4742,4.5522,9.39,a01-058x7
13.6149,16.4814,13.9441,16.8696,14.2981,10.1491,4.6925,9.9503,a01-058x8
12.2946,15.3715,13.4609,18.1133,15.4005,10.529,5.1066,9.7236,a01-058x9
14.4069,17.132,14.4108,16.8375,14.2969,9.7813,3.5144,9.6203,a01-0630
14.6859,16.9121,13.9104,16.1889,14.0978,10.0549,3.9209,10.2292,a01-0631
13.5727,17.0853,15.1743,17.6813,14.5737,9.6824,3.2214,9.009,a01-06310
14.1626,16.5698,13.8107,17.2736,15.4376,10.103,3.2691,9.3737,a01-06311
14.2317,16.5638,13.5483,16.4643,14.7691,10.3769,4.0638,9.9821,a01-06312
12.8515,16.2425,14.3184,18.2618,15.6519,10.3025,3.7072,8.6642,a01-06313
14.2176,17.1763,14.6628,17.5989,14.8876,9.393,3.125,8.9388,a01-06314
13.4729,15.8048,13.2387,16.8199,15.4037,10.9778,4.4969,9.7853,a01-06315
13.886,16.9362,14.348,17.2879,14.9465,9.9171,3.5804,9.0981,a01-06316
14.497,17.2974,14.5658,16.9878,14.3113,9.5156,3.282,9.5431,a01-06317
13.587,16.2067,13.6854,17.5582,15.6275,10.5205,3.6494,9.1652,a01-06318
12.7706,16.2355,14.3771,18.9993,16.6099,10.143,2.8046,8.0599,a01-06319
14.3432,17.5483,14.8586,17.0677,14.3924,9.3286,3.3006,9.1607,a01-0632
13.1156,16.3111,14.3291,18.0402,15.5071,10.2791,3.5545,8.8634,a01-06320
14.5785,16.3335,13.2955,16.0864,14.6926,10.53,4.2101,10.2734,a01-06321
14.4489,16.9076,14.1455,16.8675,14.8148,9.826,3.4181,9.5716,a01-06322
14.2554,17.4567,15.4581,18.0403,14.4676,8.861,2.6884,8.7726,a01-06323
13.4339,17.2149,15.343,18.4132,15.3099,9.2851,2.7149,8.2851,a01-06324
14.0053,17.2233,14.8781,18.0336,15.4117,9.2161,2.9315,8.3004,a01-06325
13.3813,15.6878,13.039,17.0921,16.0077,10.9917,4.3186,9.4818,a01-06326
13.0659,17.0299,15.3203,18.5422,14.5689,9.1865,3.6633,8.623,a01-06327
13.9085,16.5747,13.8787,17.271,15.3604,10.2785,3.4177,9.3105,a01-06328
12.9396,16.5881,14.6116,18.9382,16.2319,9.7679,2.9591,7.9637,a01-06329
14.0057,17.1606,14.7979,17.0172,14.3677,9.8129,3.4349,9.4032,a01-0633
14.1772,16.6403,13.7163,16.9115,15.289,10.2635,3.6516,9.3506,a01-06330
13.08,16.358,14.4676,18.1147,15.5687,10.1712,3.4307,8.8091,a01-06331
13.9493,16.5645,14.1769,17.3309,14.7389,9.9498,3.7393,9.5504,a01-06332
14.4573,16.6065,13.4704,16.6736,14.9714,10.2673,3.8067,9.7468,a01-06333
13.2511,16.6605,14.6905,18.322,15.8626,9.9774,2.8213,8.4146,a01-0634
13.3555,16.9374,14.9614,17.9416,15.1418,9.7413,3.1191,8.8019,a01-0635
14.7896,18.1706,15.4253,17.1692,14.0695,8.7646,2.6721,8.939,a01-0636
14.1107,16.6901,14.1634,16.4908,14.269,10.2591,3.9923,10.0246,a01-0637
13.9343,17.1191,14.5928,17.2445,14.7531,9.854,3.4949,9.0073,a01-0638
13.1901,16.4864,14.4227,17.3648,15.3294,10.3566,3.7214,9.1287,a01-0639
17.8897,13.3213,7.158,10.8324,14.4618,13.9902,6.8557,15.4908,a01-063u0
17.8998,13.0472,6.7659,10.6654,14.4575,13.9843,7.1499,16.0301,a01-063u1
17.7628,13.2579,7.139,10.8855,14.4477,13.791,6.9064,15.8096,a01-063u2
17.1424,12.7884,7.0259,11.2044,15.1982,14.6718,6.6937,15.2754,a01-063u3
17.5415,13.039,7.0152,11.016,14.6056,14.1587,6.9201,15.7039,a01-063u4
17.4138,12.9539,6.9491,11.2087,15.1452,14.1508,6.8354,15.3431,a01-063u5
17.1815,12.8619,6.9205,11.0932,15.0952,14.5949,6.8683,15.3844,a01-063u6
18.3004,13.6498,7.1898,10.7789,14.0798,13.3959,6.8649,15.7406,a01-068u0
17.1602,12.3672,6.4589,10.8202,15.0321,15.0266,7.2144,15.9204,a01-068u1
16.7382,12.9643,7.3404,11.4528,15.067,14.5234,6.885,15.0288,a01-068u2
18.067,13.1991,6.8297,10.149,13.7373,13.905,7.4907,16.6222,a01-068u3
18.2916,13.3799,7.0466,10.4875,13.83,13.5127,7.1155,16.3363,a01-068u4
16.8085,12.7312,6.9671,11.2731,15.2845,14.7391,6.9407,15.2559,a01-068u5
17.6144,12.9734,6.8228,10.6769,14.203,14.267,7.3669,16.0754,a01-068u6
18.5056,13.2527,6.7273,10.0628,13.6284,13.9172,7.2376,16.6685,a01-068u7
18.0458,14.4116,8.2726,11.6518,14.0792,12.5011,6.2642,14.7737,a01-072u0
18.663,14.0189,7.4058,10.6122,13.3548,12.8932,6.9947,16.0574,a01-072u1
17.5317,13.4466,7.3958,11.3634,14.9354,13.9357,6.4944,14.897,a01-072u2
17.794,13.2623,6.994,10.8666,14.8574,14.1618,6.5818,15.482,a01-072u3
17.7692,13.3217,7.0914,10.9669,14.5095,13.7939,6.9666,15.5808,a01-072u4
18.9697,13.9161,7.1333,10.4599,13.7207,13.2469,6.6723,15.881,a01-072u5
11.2976,10.6053,7.3861,12.9926,19.0877,17.4239,8.0068,13.2001,a01-072x0
11.1207,10.7666,7.7003,13.542,19.3952,16.748,7.995,12.7323,a01-072x1
11.6226,10.7311,7.4648,13.3049,18.8526,16.9283,8.016,13.0796,a01-072x2
10.2796,10.1774,7.3688,13.5822,20.3232,17.8973,7.8926,12.4789,a01-072x3
11.2921,10.2052,7.0525,13.5773,19.7415,17.6409,7.7057,12.7848,a01-072x4
11.7543,10.516,7.209,13.7339,19.2698,17.064,7.6331,12.8198,a01-072x5
11.2035,12.9016,10.8477,17.7988,19.4159,13.2927,5.3023,9.2376,a01-0770
12.1887,13.3926,10.6414,17.2854,18.4469,13.0582,5.0989,9.8879,a01-0771
12.9283,14.4877,11.7469,17.2887,17.2937,11.8821,4.7358,9.6368,a01-07710
13.6095,12.3766,8.4798,14.5966,17.7522,14.4571,6.4543,12.2739,a01-07711
13.4125,12.3158,8.7249,14.995,18.1093,14.5161,6.0596,11.8669,a01-07712
13.2841,13.1495,9.788,16.088,18.2509,13.2626,5.3896,10.7873,a01-07713
12.582,13.5196,10.533,16.7691,17.8889,12.7993,5.52,10.3881,a01-0772
13.4274,14.4026,11.2726,16.272,17.1033,12.3107,5.0038,10.2076,a01-0773
13.8202,14.3317,10.898,16.1031,17.1,12.1981,4.9399,10.6091,a01-0774
13.9281,14.4885,11.0594,16.228,16.7096,11.9229,5.0399,10.6235,a01-0775
13.8755,15.0417,11.7753,16.0376,15.9163,11.5431,5.2194,10.5911,a01-0776
13.1915,14.0304,10.9591,16.8826,17.605,12.3107,4.8702,10.1505,a01-0777
13.1767,13.0872,9.7813,15.7395,17.8697,13.6192,5.7097,11.0167,a01-0778
13.648,13.8959,10.3754,15.197,16.3489,12.8679,6.1565,11.5104,a01-0779
17.3071,13.18,7.219,11.3628,14.9735,14.1798,6.693,15.0848,a01-077u0
18.5039,14.1655,7.7187,11.1573,13.7934,12.8547,6.4468,15.3595,a01-077u1
17.2836,12.4093,6.3813,10.6956,14.9618,14.8801,7.3451,16.0434,a01-077u2
18.0725,13.2175,7.0171,10.4307,14.0597,14.0746,6.9851,16.1429,a01-077u3
18.0847,12.8785,6.5072,10.013,14.1507,14.371,7.38,16.6149,a01-077u4
18.071,13.8132,7.4983,10.8938,14.1492,13.3727,6.761,15.4409,a01-077u5
17.3362,13.2852,7.3344,11.4329,14.9857,13.7403,6.7569,15.1284,a01-082u0
17.6183,13.36,7.3344,10.9026,14.1458,13.9254,7.0718,15.6416,a01-082u1
18.6202,14.1467,7.5262,10.9314,13.8955,13.0594,6.3608,15.4598,a01-082u2
17.7185,13.0835,6.8084,10.765,14.5207,14.0119,7.1097,15.9823,a01-082u3
18.3504,13.5724,6.9942,10.603,13.9842,13.5103,6.9859,15.9997,a01-082u4
18.4281,13.6243,7.1695,10.5315,13.7092,13.3053,7.0224,16.2096,a01-082u5
17.588,13.6138,7.6283,11.4221,14.8377,13.6778,6.3695,14.8629,a01-082u6
12.1467,14.1154,11.6643,18.5844,18.2056,11.7458,4.5013,9.0366,a01-0870
12.4273,14.5472,12.0286,18.9279,17.993,11.1991,3.9312,8.9457,a01-0871
12.284,14.4022,11.8404,19.0562,18.6552,11.2766,3.9055,8.5799,a01-08710
12.244,14.4137,12.0702,18.9196,18.5075,11.4372,3.7859,8.6219,a01-0872
12.0254,14.4998,12.4129,19.1103,18.2062,11.2997,3.9401,8.5055,a01-0873
12.6319,14.6162,11.9608,18.2321,17.8584,11.4871,4.1712,9.0423,a01-0874
12.5954,14.4748,11.8579,18.4949,18.1159,11.5686,3.974,8.9184,a01-0875
12.0663,14.5642,12.359,18.9257,17.8871,11.2778,4.2863,8.6336,a01-0876
12.5923,14.626,12.1299,18.4011,17.7045,11.3073,4.1494,9.0895,a01-0877
12.0364,14.42,12.383,18.6082,17.8721,11.494,4.2575,8.9289,a01-0878
12.6908,14.6281,12.019,18.469,17.822,11.2214,4.0465,9.1033,a01-0879
17.7746,13.9942,8.0204,11.4376,14.3175,13.0539,6.4482,14.9535,a01-087u0
17.3139,13.2819,7.3744,11.3854,14.8473,14.1034,6.6619,15.0317,a01-087u1
17.3703,12.5379,6.6128,10.5061,14.7983,14.9707,7.1696,16.0344,a01-087u2
18.0248,13.1539,6.9146,10.7155,14.3541,13.8993,6.8885,16.0492,a01-087u3
17.2945,12.8758,6.8169,11.0105,14.8393,14.397,7.2308,15.5353,a01-087u4
17.9537,13.1631,6.8601,10.9926,14.7517,13.8975,6.7239,15.6574,a01-087u5
11.9769,11.9096,9.0806,16.2331,19.622,14.406,6.1632,10.6087,a01-0910
12.8355,13.0887,9.8585,15.6997,18.082,14.0251,5.5423,10.8681,a01-0911
13.3505,14.2748,11.2516,16.744,17.1177,12.0157,5.0319,10.2139,a01-09110
14.7356,14.4848,10.5321,15.0979,15.8318,12.109,5.6179,11.5911,a01-09111
13.0852,13.6551,10.6889,16.5601,17.1133,12.6015,5.5349,10.7611,a01-09112
13.4909,14.8323,11.9014,16.5728,16.2408,11.6398,5.0101,10.3119,a01-09113
12.7204,14.0707,11.4376,17.7601,18.0342,12.2081,4.3129,9.4559,a01-09114
14.4296,14.377,10.578,15.4589,16.1866,12.4042,5.26,11.3057,a01-09115
12.2904,13.0581,10.3068,17.4141,19.5427,13.2064,4.6361,9.5456,a01-09116
12.6278,13.0962,10.0846,16.3861,18.4829,13.5012,5.4418,10.3794,a01-0912
13.6172,13.8972,10.5031,15.5905,17.0927,12.8456,5.5533,10.9003,a01-0913
13.7149,13.6559,10.1344,15.3971,16.9765,13.1382,5.6581,11.325,a01-0914
