13.4839,11.453,9.2762,4.3571,2.4969,3.5141,0.8679,0.6616,2.9842,1.0421,1.3872,16.8878,2.5965,15.6571,6.2991,7.0354,10_10
14.8093,11.8006,8.8153,3.7294,1.9365,3.0263,0.9023,0.7002,2.9941,1.0049,1.1103,17.7711,2.3056,16.6257,6.0526,6.4159,10_11
11.8056,10.9346,9.8773,4.9414,3.0788,3.539,0.9697,0.6848,3.2486,1.3696,1.7092,16.4841,2.6898,15.487,6.2671,6.9136,10_110
14.2254,11.2101,9.0706,3.8754,2.0402,2.9873,0.826,0.7577,3.0556,1.0775,1.2887,17.3524,2.506,16.427,6.3597,6.9403,10_111
15.1968,11.7819,8.7384,3.3756,1.7153,2.7402,0.7975,0.7217,3.0723,0.9988,1.276,17.4559,2.62,16.0047,6.3747,7.1303,10_112
12.1841,10.6598,9.3049,4.3764,2.2932,3.3771,1.0094,0.9078,3.7328,1.277,1.4532,16.7163,2.405,16.8857,6.5036,6.9135,10_113
12.6535,10.4573,8.8534,4.0223,2.0728,3.1915,1.0529,0.9158,3.5726,1.1406,1.338,17.6738,2.5855,17.545,6.1252,6.7997,10_114
13.393,10.7877,8.57,3.8749,1.9745,3.0834,0.977,0.7956,3.2813,1.0223,1.4428,18.5869,2.3744,16.8597,6.4347,6.5419,10_115
13.5524,11.0401,9.1288,4.0636,2.2443,3.2352,1.0369,0.8636,3.4003,1.2264,1.3888,16.969,2.5502,15.6939,6.5163,7.0903,10_116
11.2729,10.5366,9.2187,4.8648,2.7232,3.8092,1.3179,1.1599,4.5118,1.7314,1.8726,16.3831,2.5719,15.035,6.0886,6.9022,10_117
13.7007,10.8525,8.4975,3.8855,2.0103,3.301,1.0981,0.9055,3.3821,1.3278,1.6252,16.9308,2.882,16.0523,6.45,7.0987,10_118
13.8769,11.1629,8.5332,3.5926,1.9016,3.063,1.1253,0.9839,3.4933,1.2336,1.4232,17.5448,2.5575,16.2931,6.2404,6.9746,10_119
14.0696,11.3958,8.8982,3.8777,2.1347,3.1158,0.9164,0.7834,3.2955,1.0745,1.2973,17.3579,2.282,16.7649,6.2172,6.5191,10_12
12.2854,10.9066,9.6876,4.7194,2.6831,3.6497,1.1088,1.1692,4.1686,1.6809,1.7733,14.5279,2.6902,14.137,7.0116,7.8006,10_120
12.1963,11.1345,9.9247,4.6469,2.648,3.3593,0.9787,0.7892,3.4553,1.2669,1.5109,16.3032,2.4611,16.1163,6.3344,6.8744,10_121
14.3808,11.5173,9.1906,3.7775,1.9495,2.9952,1.0811,0.9039,3.2053,1.2052,1.2457,16.1481,2.6407,15.7303,6.56,7.4689,10_122
15.9695,12.2284,8.6666,3.3115,1.6182,2.6525,0.8091,0.7966,2.565,0.8175,0.9134,18.1424,2.3147,16.4449,6.1893,6.5605,10_13
14.745,11.5017,9.3316,4.1198,2.2919,2.8121,0.6655,0.5671,2.695,0.9374,1.1295,16.6714,2.3669,16.3667,6.6554,7.1429,10_14
15.1784,11.9679,8.9574,3.4875,1.89,2.7334,0.7111,0.6864,2.6503,0.7788,0.9758,18.1149,2.284,16.9052,6.1686,6.5103,10_15
14.8471,11.9954,9.0027,3.8631,2.1554,2.9387,0.9036,0.7958,3.0672,1.0238,1.2269,17.3754,2.3129,15.8294,6.1428,6.5199,10_16
13.4091,11.4406,8.7093,3.884,2.1237,3.1112,0.8455,0.7332,3.2136,1.0734,1.4169,18.8586,2.5332,16.3551,5.8656,6.4271,10_17
11.1493,11.6139,10.9124,5.1566,2.936,3.1683,0.8966,0.8966,3.6049,1.4959,1.5052,16.1154,2.4668,15.1863,6.3179,6.5781,10_18
12.5519,11.4718,10.3235,4.9173,3.0243,3.2801,0.7845,0.6708,3.3199,1.2847,1.4439,15.4454,2.5979,15.2521,6.5033,7.1286,10_19
13.7693,11.5531,8.9822,3.937,2.1019,3.1455,0.8531,0.7446,3.3683,1.0671,1.2664,16.868,2.3071,17.1699,6.1943,6.6721,10_20
12.6158,10.7995,8.9245,4.0299,2.1325,3.1232,0.9403,0.778,3.2939,1.2342,1.4161,18.6774,2.4151,17.3397,6.0001,6.2799,10_21
13.5459,11.1247,8.8733,4.1327,2.1088,3.1853,0.9135,0.8897,3.2736,1.1478,1.4093,17.7296,2.4076,16.2286,6.3604,6.6694,10_210
13.7936,11.413,9.0295,3.9966,2.0809,3.0248,0.8822,0.8766,3.246,1.1343,1.3528,18.1907,2.2854,16.1154,5.8871,6.6909,10_211
13.0374,10.6011,8.6916,3.8864,2.2003,3.1909,1.1212,1.0791,3.6377,1.3278,1.45,17.6319,2.272,17.3579,6.3606,6.1541,10_212
12.9583,10.8222,8.6274,3.9007,1.9308,3.0062,0.9434,0.9727,3.754,1.3442,1.3833,18.4231,2.3121,16.6634,6.2616,6.6966,10_213
13.5463,11.6286,9.5606,4.2035,2.2275,3.0253,0.8315,0.7057,3.2585,1.0371,1.2703,16.9029,2.4024,16.5041,6.1089,6.7869,10_214
13.4542,10.8958,8.4559,3.8201,2.1471,2.893,0.9272,0.7459,3.137,1.0247,1.2966,19.6654,2.5723,16.8421,5.4444,6.6783,10_215
14.8784,11.9361,8.7921,3.6622,1.9233,2.8067,0.9008,0.9773,3.5822,1.1234,1.3251,17.7547,2.3858,15.3758,6.0202,6.5558,10_216
14.6083,12.0264,8.9322,3.5358,1.8741,2.5853,0.7955,0.8022,2.9257,0.9606,1.1359,18.2217,2.2819,16.8532,6.2256,6.2357,10_217
14.682,12.3083,9.8949,4.2555,2.4653,3.0855,0.8126,0.669,2.7525,1.0478,1.1487,16.521,2.4226,15.1402,6.1893,6.6048,10_218
13.3724,11.4661,9.6016,4.6053,2.65,3.2646,0.8484,0.6564,2.9713,1.1417,1.4385,17.1258,2.3952,15.6489,6.5082,6.3056,10_219
15.1117,11.8444,8.7276,3.7448,1.8426,2.9274,0.9576,0.859,3.2076,0.9758,1.2457,17.4681,2.3019,15.8669,6.0649,6.8539,10_22
14.4999,11.4917,8.4693,3.7104,2.064,2.8753,0.9774,0.9205,3.3783,1.0818,1.4139,17.9066,2.6808,16.5449,5.8076,6.1776,10_220
16.023,12.3741,8.6758,3.3214,1.6684,2.6169,0.9578,0.8497,3.0062,1.0659,1.1154,17.265,2.3852,15.6059,6.3122,6.7571,10_221
12.8069,10.5052,8.9746,4.1916,2.2118,3.11,0.887,0.8496,3.3683,1.1864,1.3772,17.9004,2.384,17.732,6.0816,6.4334,10_23
12.8615,11.0756,9.4913,4.2776,2.2007,3.2809,1.0082,0.916,3.3299,1.2242,1.4719,17.4675,2.4254,16.3412,6.1787,6.4495,10_24
13.9042,11.7341,9.4124,4.2001,2.1472,2.9564,0.8921,0.8349,3.4224,1.1094,1.2152,17.3638,2.1444,15.837,6.0843,6.742,10_25
13.8256,11.8012,9.4622,3.8584,1.9314,2.7775,0.8993,0.7265,3.1009,0.9923,1.2271,18.0429,2.2637,16.5013,6.2018,6.3879,10_26
12.0048,11.1915,9.3706,4.5594,2.5802,3.361,1.0112,0.878,3.559,1.2919,1.4502,18.295,2.3463,16.4633,5.4878,6.1499,10_27
12.958,11.1026,9.4146,4.1451,2.1724,2.9503,0.8778,0.8396,3.4611,1.2036,1.3533,17.4583,2.3338,16.6833,6.476,6.57,10_28
13.5563,11.7153,9.6071,4.4542,2.4106,3.1065,0.9543,0.8104,3.3648,1.1715,1.3506,17.3381,2.4018,15.4765,6.0573,6.2247,10_29
10.5037,10.6527,9.1834,4.6854,2.5007,3.9767,1.4535,1.2503,5.1255,1.7649,1.8642,15.1508,2.7625,15.9159,6.2833,6.9265,11_10
9.8212,10.1478,8.9639,4.7175,2.3696,4.0046,1.7072,1.5033,5.6361,2.0303,2.0682,14.757,2.9001,15.82,6.5005,7.0528,11_11
10.159,10.2605,8.9931,4.8686,2.3689,4.2339,1.8299,1.6756,5.929,2.3318,2.2888,13.6175,2.8747,14.7112,6.6027,7.255,11_110
10.123,10.6224,9.1068,4.6995,2.2941,4.1172,1.6879,1.7271,6.045,2.2244,2.0346,14.5085,2.7739,15.1845,6.0712,6.7799,11_111
9.8376,10.3215,9.3207,4.8781,2.5494,4.2122,1.7906,1.5757,5.7105,2.1681,2.1835,14.1215,2.7023,14.8629,6.5661,7.1991,11_112
9.724,10.0396,8.9362,4.751,2.2482,4.1416,1.6845,1.4146,5.8022,2.1154,2.0763,15.1737,2.7074,15.5763,6.4747,7.1342,11_12
9.9632,10.2749,9.0651,4.9524,2.5151,4.3621,1.8586,1.7008,5.7687,2.258,2.0476,13.9979,2.9457,14.8727,6.3531,7.0642,11_13
9.8887,10.2577,9.0888,4.8052,2.348,4.2218,1.8491,1.6636,5.8009,2.2428,2.1109,14.4362,2.7664,15.0464,6.4646,7.0089,11_14
10.1979,10.2948,8.9113,4.5361,2.3093,3.9175,1.5753,1.4701,5.6639,1.9835,1.9959,15.3423,2.8763,15.5649,6.3732,6.9876,11_15
10.5023,10.5524,9.0357,4.5679,2.2619,3.8787,1.6949,1.5747,5.6779,1.9955,2.0355,14.5673,2.6466,15.5631,6.4252,7.0202,11_16
10.5003,10.7872,9.1443,4.5884,2.3139,3.8202,1.6637,1.6914,5.8031,2.101,2.1172,14.059,2.8993,14.9961,6.495,7.0202,11_17
10.1015,10.3432,8.6676,4.4824,2.1356,3.9257,1.9548,1.8223,6.0827,2.4238,2.2054,14.1489,3.036,15.2194,6.4909,6.9599,11_18
10.1916,10.3909,9.3139,4.7935,2.4292,3.9852,1.673,1.6643,5.955,2.0934,2.0674,14.6275,2.5679,15.3599,6.15,6.7373,11_19
11.8059,11.467,9.4678,4.36,2.3043,3.4541,1.2109,1.0776,4.2471,1.3803,1.5836,15.7231,2.7018,16.5138,6.0453,6.6575,11_20
10.9289,11.1258,9.6805,4.6647,2.4785,3.9583,1.5427,1.2809,4.6789,1.6787,1.6544,15.2282,2.7302,15.8046,6.1343,6.4307,11_21
10.6037,10.6238,9.048,4.5391,2.4279,3.8831,1.518,1.3421,4.7954,1.792,2.0056,15.6303,2.9004,16.0325,6.2381,6.6201,11_210
10.8365,10.5719,9.0846,4.5164,2.3905,3.662,1.2715,1.1593,4.5653,1.5477,1.6167,16.308,2.4394,17.3954,5.9375,6.697,11_211
10.1598,10.8055,9.482,4.9302,2.5851,4.1213,1.7786,1.7119,5.2543,2.167,2.0582,14.437,2.5678,15.4611,6.1374,6.3428,11_212
10.528,10.8328,9.3775,4.7868,2.5087,4.0363,1.5772,1.3848,4.9792,1.722,1.7524,15.3892,2.6611,16.0616,6.0231,6.3793,11_213
11.2299,11.0458,9.2721,4.4831,2.3014,3.7935,1.3902,1.1973,4.554,1.6096,1.6961,16.5488,2.5763,16.5222,5.8156,5.9641,11_22
10.5739,10.2731,8.8971,4.4987,2.4721,3.9437,1.2664,1.0984,4.3005,1.5159,1.7958,16.6189,2.6377,17.2299,6.1009,6.7772,11_23
10.8921,10.7724,9.1871,4.6643,2.4715,3.863,1.4611,1.2543,4.8581,1.7682,1.8901,15.171,2.7437,16.0007,6.1647,6.8375,11_24
10.3433,10.6823,9.3038,4.7372,2.4741,3.9828,1.5491,1.4436,5.0223,1.978,1.8971,15.9134,2.6268,15.8887,5.8598,6.2976,11_25
11.1932,11.0907,9.3047,4.5617,2.2725,3.8511,1.5667,1.4689,5.0386,1.7312,1.7861,14.9943,2.6064,15.6691,6.1141,6.7508,11_26
10.9192,10.6068,8.9865,4.4499,2.2129,3.7788,1.5619,1.4893,5.25,1.9206,2.0436,15.4558,2.8618,15.9133,6.0662,6.4834,11_27
10.8073,10.8912,9.1574,4.4528,2.1756,3.7703,1.5019,1.3164,5.0823,1.8134,1.7692,15.6157,2.487,16.3843,6.085,6.6902,11_28
11.027,10.8156,8.8603,4.2562,2.1446,3.6309,1.3762,1.2308,4.8837,1.7153,1.7835,16.2388,2.5806,16.983,6.0221,6.4515,11_29
10.6998,10.9675,9.6355,4.8364,2.5082,3.7041,1.3408,1.2135,4.911,1.6984,1.795,14.5378,2.6552,15.5362,6.6424,7.3183,11_30
10.0903,10.6444,9.3705,4.7471,2.4221,3.8845,1.5291,1.4719,5.5374,1.8471,1.849,14.9821,2.8963,15.4962,6.3752,6.857,11_31
9.6539,9.8008,8.6953,4.4855,2.2563,3.8322,1.6075,1.508,5.8194,2.1297,2.1207,14.6617,2.8871,16.4726,6.8187,7.2506,11_310
9.9243,10.1202,9.1593,4.8152,2.5492,4.2037,1.6068,1.3527,5.1832,1.8636,1.9563,15.5046,2.6604,15.9758,6.4565,6.6683,11_311
9.9352,10.4118,9.1334,4.5856,2.4231,4.02,1.5723,1.4343,5.3139,1.9198,1.9421,15.2847,2.7639,16.0843,6.3005,6.8751,11_312
10.1865,10.4829,9.2044,4.7386,2.4444,4.0114,1.5196,1.4129,5.3156,1.7903,1.8713,15.2077,2.7645,15.6819,6.4301,6.9379,11_32
9.9069,10.4089,9.2925,4.9171,2.6468,4.197,1.482,1.2265,5.1175,1.7704,1.7814,15.3745,2.6116,15.9558,6.4145,6.8967,11_33
10.2172,10.4093,9.1409,4.7244,2.4211,3.9974,1.4889,1.216,5.0366,1.7378,1.8797,15.5987,2.7355,15.948,6.2722,7.1761,11_34
9.8668,9.9856,8.8291,4.5025,2.2388,3.97,1.5603,1.429,5.8398,1.8872,1.7782,15.402,2.5979,16.9919,6.2881,6.8329,11_35
10.0697,10.2612,9.2315,4.8578,2.5671,4.2508,1.6078,1.4489,5.3763,1.8589,1.971,15.1371,2.746,15.6971,6.0845,6.8342,11_36
9.6864,9.966,8.6194,4.5861,2.3253,4.1559,1.7101,1.5875,5.681,2.0349,2.2199,15.2943,2.919,15.9073,6.3371,6.9695,11_37
10.5241,10.5691,9.2857,4.51,2.2111,3.8201,1.5169,1.4548,5.4484,1.8876,1.9111,14.9012,2.6782,15.7047,6.5647,7.0125,11_38
9.5057,9.6843,8.655,4.6859,2.4071,3.8631,1.5201,1.4253,5.4948,1.9441,1.9915,15.7425,2.7976,16.4287,6.7667,7.0875,11_39
10.6247,10.846,9.2646,4.492,2.2429,3.7792,1.4789,1.2433,5.3728,1.8701,1.948,14.6252,2.9619,15.467,6.4441,7.3392,11_40
9.9235,10.5436,9.3284,4.7975,2.4154,4.0091,1.787,1.6786,5.676,2.037,2.1287,14.0959,2.9855,15.1111,6.5479,6.9346,11_41
9.6745,10.3428,9.0331,4.7978,2.4133,4.3991,1.7758,1.5851,5.834,2.0532,1.978,14.374,2.8351,15.5528,6.5543,6.797,11_410
9.8423,10.1225,8.9163,4.5496,2.1798,3.8894,1.6812,1.4864,5.5089,1.9898,1.959,15.0568,2.9301,16.2962,6.5584,7.0333,11_411
10.6017,10.7215,9.3689,4.6245,2.3368,3.8728,1.6468,1.4344,5.2546,1.95,1.9936,14.4909,2.8542,14.9503,6.4783,7.4207,11_42
9.972,10.3868,9.0372,4.6698,2.2845,4.1061,1.7071,1.5696,5.7399,2.0874,1.9706,15.0841,2.7794,15.6776,6.1638,6.7641,11_43
9.6326,10.5365,9.4137,4.8465,2.3821,4.017,1.6168,1.4059,5.5092,1.9141,1.9201,15.3709,2.607,15.9794,6.2062,6.642,11_44
9.6497,10.4188,9.0827,4.8146,2.3671,4.1915,1.8132,1.7402,6.0346,2.2492,2.1968,14.3333,2.7413,15.0799,6.2423,7.045,11_45
9.8002,10.398,9.0695,4.9798,2.4557,4.2169,1.8333,1.5505,5.551,2.1027,2.0705,14.5674,2.8562,15.4309,6.3728,6.7447,11_46
10.1275,10.3212,9.2063,4.7899,2.3705,3.8511,1.6097,1.5745,5.6975,2.04,2.0282,14.3835,2.9221,15.3067,6.6656,7.1057,11_47
9.4698,10.2793,9.2483,4.7349,2.3713,4.0571,1.7431,1.514,5.7201,2.1345,2.1326,14.8214,2.7798,15.4915,6.5162,6.9859,11_48
10.094,10.5574,9.0077,4.6721,2.3091,4.128,1.6823,1.5497,5.67,2.0342,2.2034,14.4969,2.7129,15.4448,6.3813,7.0562,11_49
11.1379,10.8762,9.229,4.6671,2.3477,3.5099,1.0981,1.0417,4.3053,1.4394,1.5625,16.4439,2.7453,16.7569,6.3194,6.5196,11_50
11.4892,11.3587,9.1774,4.2795,2.323,3.6701,1.4595,1.1087,4.5134,1.4932,1.6056,15.8698,2.5479,16.7716,6.0448,6.2877,11_51
11.526,11.3572,9.4197,4.6566,2.4717,3.6948,1.3225,1.1052,4.2081,1.3803,1.5191,16.3908,2.5225,16.3376,5.6994,6.3884,11_510
10.8362,10.4427,8.7245,4.4387,2.375,3.6913,1.3333,1.1663,4.5094,1.5201,1.6447,16.628,2.6185,17.163,6.1852,6.7231,11_511
11.1421,10.9697,9.3406,4.7723,2.5973,3.8529,1.3216,1.2297,4.4017,1.4308,1.5055,16.081,2.3589,16.9918,5.775,6.229,11_512
10.9393,10.669,9.26,4.6252,2.4079,3.7132,1.1895,0.9675,4.1137,1.4983,1.6382,17.0772,2.6661,17.2172,5.8147,6.2031,11_52
11.6589,11.2223,9.2855,4.4312,2.3197,3.7258,1.3681,1.1464,4.5879,1.6457,1.7151,15.6177,2.5324,16.0498,5.9873,6.7061,11_53
10.6338,10.4206,8.8948,4.4782,2.4974,3.8341,1.2399,1.1476,4.6321,1.5829,1.5961,16.7125,2.6007,17.0202,6.0237,6.6854,11_54
10.9081,10.5833,8.9069,4.365,2.3406,3.5007,1.0209,1.0122,4.5013,1.4966,1.6445,17.6368,2.6161,17.3758,5.8006,6.2908,11_55
10.9754,10.8282,8.8866,4.3064,2.1716,3.4944,1.1571,1.026,4.6101,1.5321,1.6195,16.7357,2.5627,17.5155,6.0893,6.4895,11_56
10.7735,10.4661,8.6571,4.3034,2.1492,3.7188,1.4487,1.3152,4.9761,1.5394,1.615,17.4427,2.449,17.2588,5.6916,6.1955,11_57
11.6099,10.9191,8.9109,4.2848,2.2319,3.6611,1.1859,1.1383,4.5002,1.4991,1.4879,15.8807,2.6403,16.8904,6.4245,6.7349,11_58
10.645,10.5814,9.0796,4.5411,2.3418,3.6883,1.3873,1.2651,4.9407,1.6545,1.6953,15.8733,2.6549,16.4308,6.389,6.832,11_59
9.2733,9.9917,9.103,5.0632,2.8219,4.4599,1.7353,1.651,5.8627,2.3094,2.217,13.3812,3.0668,14.2375,7.0742,7.7521,12_10
9.3122,10.4919,9.8458,5.5766,3.1009,4.7457,2.1556,2.0679,6.156,2.5615,2.4262,11.8298,2.7483,12.5598,6.8974,7.5244,12_11
10.639,10.5556,9.5137,5.238,2.8549,4.3723,1.9645,1.9058,5.5127,2.1577,2.2051,12.6452,2.8984,13.2817,6.8615,7.3939,12_110
10.6817,10.4705,9.3909,5.1297,2.6147,3.9979,1.6205,1.6229,5.4927,2.1117,2.0879,13.6522,2.674,14.3498,6.6339,7.4691,12_111
9.7754,9.8228,9.013,5.0649,2.6334,4.2221,1.5557,1.6773,5.7264,2.1327,2.143,14.2881,2.8786,14.7125,6.6454,7.7086,12_112
10.5146,11.072,10.0618,5.0389,2.8354,4.1495,1.7025,1.624,5.4937,2.0808,1.958,13.0823,2.6422,13.9235,6.5522,7.2686,12_113
9.7472,10.0004,9.2369,5.276,2.7616,4.6498,1.8117,1.8077,5.7431,2.2415,2.2199,13.4313,2.9187,14.0182,6.6362,7.4998,12_114
8.7744,9.4632,9.1031,5.2131,3.0839,4.585,1.6288,1.677,5.9417,2.3239,2.3532,13.4411,2.9227,14.2199,7.2209,8.0479,12_115
9.7494,10.0566,9.262,5.1253,2.8525,4.4347,1.6261,1.5568,5.6173,2.1573,2.2035,13.1586,2.8664,14.422,6.8784,8.0333,12_116
8.9229,9.9851,9.4381,5.6274,3.1214,4.8132,1.85,1.8693,6.0688,2.2949,2.2281,12.7882,2.826,13.5778,6.832,7.757,12_12
9.5904,10.0532,9.4415,5.2855,2.8972,4.6755,1.8316,2.0213,5.984,2.2447,2.1684,13.4273,2.6862,13.8333,6.4521,7.4078,12_13
9.7569,10.4075,9.4801,5.2957,2.8954,4.5522,1.8265,1.9114,5.8837,2.1639,2.3256,12.5614,2.8226,13.5555,6.8535,7.7082,12_14
9.1703,9.7328,9.0129,5.5652,3.0945,4.8376,2.0061,2.1212,5.9357,2.3267,2.4438,13.146,2.9486,13.6067,6.3983,7.6538,12_15
9.3687,10.0508,9.2352,5.3673,2.851,4.6514,1.9126,2.0746,5.8143,2.2438,2.3097,13.144,2.8831,13.6088,6.8418,7.6431,12_16
9.6844,10.0824,9.2145,5.4426,2.8866,4.5899,2.0774,2.1361,5.8189,2.5038,2.569,12.7928,2.8866,13.2649,6.5411,7.5091,12_17
9.9695,10.6711,10.1708,5.578,3.2241,4.5659,1.8133,1.683,5.4074,2.26,2.0069,12.4748,2.743,13.3451,6.6879,7.399,12_18
10.0462,10.4252,9.3626,5.5397,2.9351,4.9184,2.2758,2.3502,6.2181,2.5821,2.3779,12.1402,2.7032,12.4639,6.251,7.4105,12_19
8.878,9.7768,9.2851,5.2349,3.0897,4.7432,1.8456,1.7838,5.7106,2.2572,2.2641,13.237,3.2086,14.1998,6.9775,7.5081,12_20
8.3874,9.705,9.5557,5.3909,3.0098,4.4479,1.6142,1.7056,6.0286,2.3432,2.2786,13.5353,2.8872,14.5297,6.9382,7.6427,12_21
9.2832,10.2088,9.8487,5.4459,3.0644,4.622,1.5968,1.5948,5.62,2.1545,2.1877,13.0071,2.7122,13.964,6.8822,7.8078,12_210
9.7921,10.3018,9.5372,4.9615,2.6082,4.1803,1.453,1.6078,5.557,1.9198,2.0151,14.3344,2.7868,14.7298,6.7337,7.4816,12_211
8.9988,9.6282,8.9566,5.1882,2.9433,4.816,1.8266,1.9034,5.6679,2.4138,2.502,12.8132,3.2733,14.0182,7.2336,7.8169,12_212
8.8451,9.7902,9.5741,5.6048,3.3753,5.0455,1.705,1.84,6.2143,2.569,2.4379,12.1046,2.6771,13.4007,6.9819,7.8344,12_213
9.4552,10.0219,9.2083,5.1344,2.8576,4.6972,1.7769,1.783,5.6849,2.2484,2.2667,13.2215,2.8758,13.8812,6.8303,8.0567,12_214
9.1855,9.9793,9.1948,5.2815,2.8971,4.7719,1.9366,1.881,6.4552,2.508,2.3195,13.1884,2.6655,13.9358,6.4398,7.3602,12_215
9.2632,10.1264,9.4222,5.1231,2.8122,4.4164,1.6091,1.7631,5.8665,2.2571,2.2253,13.303,2.7829,14.1613,7.0012,7.8669,12_216
9.3378,10.0238,9.5779,5.1834,2.7889,4.178,1.5284,1.7449,5.79,2.3087,2.3516,12.8942,3.1169,13.9038,7.1684,8.1031,12_217
9.0564,10.3457,10.2057,5.6159,3.1315,4.3194,1.3835,1.4076,5.488,2.2261,2.1923,13.3179,2.7379,14.0977,6.8183,7.6561,12_218
9.387,10.5298,9.7442,5.2037,2.7753,4.2471,1.6325,1.7728,5.9919,2.2957,2.4233,12.5169,2.9232,13.2031,7.3158,8.0377,12_219
9.2333,10.2996,9.9189,5.3963,3.0475,4.2998,1.5508,1.4837,6.0625,2.3121,2.2732,12.6398,2.749,13.9245,6.852,7.9572,12_22
11.2919,10.8671,9.5387,4.8123,2.6388,3.9402,1.3827,1.3285,5.0834,2.1553,2.2231,12.8372,2.7473,13.8991,7.0399,8.2147,12_220
9.7415,10.0714,9.1473,4.8935,2.5079,4.1571,1.399,1.5241,5.6868,2.1496,2.2889,13.7507,2.9003,14.9023,6.972,7.9075,12_221
9.2392,9.9488,9.3914,5.2091,2.7975,4.4674,1.7449,1.7792,5.8093,2.223,2.298,13.115,2.8747,14.3219,6.8683,7.9123,12_23
9.7554,10.3617,9.6822,5.1317,2.8552,4.4407,1.6335,1.5397,5.3856,2.0133,2.146,12.9973,2.8667,14.0726,7.0008,8.1173,12_24
9.5654,10.2563,9.7002,5.5524,3.1904,4.81,2.0467,2.1097,6.0569,2.6544,2.5483,11.4287,2.9324,12.3001,6.9856,7.8628,12_25
9.8461,10.2047,9.3654,5.1444,2.7625,4.3892,1.5786,1.6187,5.4149,2.0133,2.2016,13.3419,2.9028,14.043,7.0916,8.0813,12_26
8.6995,10.0978,9.6854,5.9506,3.3349,5.1005,2.1252,2.0674,6.3957,2.5301,2.5502,12.2457,2.8068,12.6305,6.368,7.4118,12_27
9.0727,9.755,9.4454,5.1406,2.9484,4.5213,1.4578,1.4139,5.4146,2.0058,2.1428,13.8845,2.8087,14.9477,6.8669,8.1739,12_28
9.9207,10.3887,9.6428,5.3578,2.8567,4.6508,1.6838,1.6409,5.4763,2.1864,2.0884,12.8326,2.6482,13.607,6.9864,8.0326,12_29
10.464,11.1165,9.8492,5.1557,2.6984,4.3373,1.7274,1.7739,5.8745,2.1676,2.0791,12.3507,2.7249,13.5296,6.5491,7.602,12_30
9.8826,10.9886,9.922,5.5229,2.8635,4.9198,1.9812,1.8774,6.1028,2.3105,2.2425,11.8029,2.7991,12.8302,6.5645,7.3896,12_31
9.6046,10.5828,10.2445,5.5723,3.1278,4.4899,1.6832,1.7049,5.8868,2.3729,2.2103,11.6045,2.8003,12.728,7.2945,8.0927,12_310
9.8721,10.3506,9.5913,5.1045,2.822,4.3965,1.6795,1.8382,5.9076,2.324,2.1287,12.5427,2.5705,13.6998,7.1062,8.0656,12_311
9.3363,10.3482,9.7429,5.2652,2.9633,4.5875,1.6593,1.7154,5.8495,2.2809,2.2669,12.739,2.774,13.6294,7.1535,7.6887,12_312
9.4992,10.3975,9.5313,4.8988,2.6627,4.3438,1.7484,1.7965,5.9767,2.2072,2.0949,12.8356,2.8039,14.3018,7.0963,7.8053,12_313
9.9273,10.7188,9.8849,5.1528,2.6769,4.1768,1.6401,1.6272,6.0992,2.1456,2.0146,12.7537,2.6954,13.8569,6.9035,7.7264,12_314
10.2007,10.514,9.2219,4.8446,2.5084,3.8109,1.3155,1.3443,5.4058,1.9237,2.0856,14.2466,2.8321,15.3037,6.8466,7.5957,12_315
9.7472,10.4643,10.108,5.3268,2.9173,4.3603,1.4319,1.5499,5.4604,1.9575,2.0265,13.1366,2.9262,14.4216,6.6296,7.5359,12_316
9.9341,10.5737,9.555,4.8407,2.6884,4.1322,1.417,1.3634,5.239,1.8842,2.0297,13.557,2.8493,14.9854,6.8398,8.1112,12_317
9.643,10.6654,9.9354,5.384,2.8177,4.4778,1.614,1.7491,5.7841,2.0773,2.0466,12.3854,2.8091,13.6011,7.0715,7.9384,12_32
9.5506,10.5726,9.5941,5.0978,2.6601,4.1967,1.4786,1.5656,5.7695,2.0657,2.1962,12.9234,2.8872,14.2402,7.1467,8.0551,12_33
9.546,10.3656,9.8605,5.4497,2.8973,4.3975,1.5325,1.5459,5.9548,2.1215,2.1139,12.8417,2.7296,13.9911,6.8926,7.7599,12_34
9.6648,10.5924,10.0076,5.1916,2.7846,4.1885,1.5821,1.4465,5.5712,1.9403,2.0003,13.0962,2.8485,14.5098,6.9576,7.618,12_35
10.0827,10.544,9.8306,5.1013,2.666,4.1173,1.4883,1.519,5.744,2.1801,2.217,12.7641,2.832,14.0555,7.0324,7.8257,12_36
10.4066,10.9489,9.8724,4.9933,2.673,4.1655,1.5598,1.572,5.4846,2.0226,2.1388,12.8165,2.7688,14.1479,6.8059,7.6235,12_37
9.0089,9.9714,9.7039,5.4237,3.0475,4.7287,1.7257,1.8437,6.3547,2.4076,2.2109,12.956,2.3919,13.651,6.8085,7.7657,12_38
10.1177,10.5787,9.6232,5.1318,2.7516,4.3704,1.5875,1.598,5.6471,2.1091,2.0715,12.7065,2.7474,14.0959,7.0865,7.777,12_39
9.6459,10.3252,9.2528,5.232,2.8125,4.4082,1.743,1.8847,5.8852,2.3674,2.3558,12.7995,2.9022,13.8344,6.9577,7.5936,12_40
9.4308,10.1009,9.2217,5.122,2.7723,4.5799,1.6177,1.8247,5.8262,2.2046,2.2195,13.554,2.7723,14.1814,6.7567,7.8153,12_41
8.2702,9.7539,9.2947,5.8854,3.3352,5.1547,2.0787,2.2712,6.7495,2.9427,2.8291,11.7288,2.9007,12.6669,6.7124,7.4259,12_410
9.2068,10.2911,9.9264,5.7113,3.2724,4.741,1.8642,1.9586,6.006,2.3851,2.3428,11.7092,2.8036,12.6632,7.1815,7.9369,12_411
9.2144,10.0873,9.4339,5.3857,2.857,4.7527,1.7306,1.8497,5.8553,2.2853,2.2938,12.9784,2.7754,13.9228,6.8695,7.7084,12_412
8.6827,9.5226,8.9485,5.4861,3.1081,5.0395,2.0378,2.1228,6.2232,2.7607,2.7076,12.5846,3.0478,13.4139,6.567,7.7471,12_413
9.1037,10.1694,9.6263,5.6337,3.1559,4.8616,1.9669,1.9376,6.0476,2.3868,2.2312,12.5532,2.4866,13.7011,6.5761,7.5625,12_414
8.4881,9.5491,8.9529,5.5855,3.1458,5.0717,2.075,2.2397,6.4484,2.6731,2.5496,12.4596,2.9163,13.297,6.874,7.6742,12_415
9.0661,10.299,9.637,5.5002,3.0934,4.7668,1.762,1.9737,5.8324,2.328,2.3969,12.5434,2.7439,13.732,6.8931,7.432,12_416
8.9222,10.1086,9.2549,5.4822,3.011,4.8524,2.0422,2.3373,6.7984,2.8541,2.7892,11.7261,2.9357,12.5902,6.6812,7.6144,12_417
8.8205,10.0304,9.2154,5.3871,2.8766,4.6395,1.8535,1.892,6.0768,2.4142,2.418,13.4465,2.8342,14.0746,6.6529,7.3677,12_418
8.1958,9.4714,9.2241,5.8779,3.5462,5.1859,2.1733,2.2233,6.5588,2.9042,2.7069,11.7753,2.9932,12.5063,6.7978,7.8595,12_419
10.2129,10.9162,9.8877,5.3163,2.7432,4.3483,1.7053,1.8584,5.8041,2.2422,2.2914,12.4853,2.5485,13.1792,6.7286,7.7324,12_42
9.5009,10.1357,9.3944,5.4854,3.0462,4.7504,1.8299,1.864,5.7517,2.4157,2.4306,12.2106,2.9057,13.2565,7.1342,7.8883,12_420
9.5963,10.1983,9.4166,5.2242,2.8986,4.4546,1.726,1.8425,5.6126,2.2431,2.4276,12.8614,2.7602,13.9126,7.04,7.7853,12_43
9.8301,10.1894,9.3084,5.2705,2.9009,4.7947,1.9568,2.0218,5.6871,2.4117,2.3448,12.6756,2.792,13.461,6.6407,7.7147,12_44
9.1028,10.0687,9.7022,5.5961,3.1135,4.9118,2.0021,2.138,6.3096,2.5481,2.4559,11.6655,2.866,12.5949,7.1711,7.7535,12_45
9.3001,10.2654,9.5748,5.391,3.0738,4.7517,1.7054,1.6706,5.99,2.255,2.2073,12.634,2.8191,13.6634,7.0286,7.6698,12_46
8.0164,9.3454,9.2462,5.929,3.5511,5.2911,2.059,2.1973,6.6662,2.7714,2.8883,12.2692,2.8564,12.8646,6.5138,7.5345,12_47
8.5314,9.6953,9.5534,5.7488,3.3468,4.9621,1.9345,1.8668,6.2454,2.6213,2.5794,12.0909,2.7954,12.8583,7.1772,7.9929,12_48
8.7128,9.6192,9.2488,5.3606,3.1474,4.9373,1.76,1.7025,6.0094,2.3881,2.395,13.0335,2.9886,13.7053,6.9964,7.9949,12_49
12.3804,11.7107,9.8506,4.5647,2.4856,3.7717,1.4958,1.2713,4.3678,1.6651,1.8803,13.9149,3.1609,13.6628,6.1764,7.6409,13_10
11.8292,11.1973,9.8671,4.6366,2.4328,3.7298,1.5655,1.3633,4.6287,1.7962,2.0237,13.9161,3.0568,14.1499,6.567,7.24,13_11
12.7867,12.2855,10.036,4.4422,2.2349,3.68,1.7451,1.5083,4.812,1.9657,2.196,12.6602,3.0653,12.9861,6.3317,7.2643,13_110
11.6732,11.7256,10.0018,4.7799,2.4828,3.8594,1.6572,1.5442,4.7032,1.8591,2.0993,14.2427,2.9269,13.4474,6.0334,6.9639,13_111
11.8623,11.475,9.852,4.7051,2.4297,3.7072,1.8335,1.7065,5.0313,2.0665,2.2641,13.0,3.119,12.8826,6.6751,7.3902,13_112
12.2773,11.6358,9.7197,4.4057,2.2658,3.6184,1.4686,1.3244,4.6278,1.7155,1.994,14.0541,3.141,14.0425,6.2903,7.4191,13_12
12.4978,11.7596,9.7428,4.3031,2.2389,3.5274,1.5106,1.246,4.3717,1.6037,1.798,14.201,3.0505,14.25,6.3362,7.5627,13_13
11.0894,11.0134,9.7588,4.8077,2.5369,3.8779,1.7489,1.5449,5.1982,2.0271,2.1394,13.6229,2.9879,13.7127,6.6153,7.3186,13_14
11.5718,11.0899,9.7524,4.7483,2.624,4.0127,1.8155,1.5697,4.7955,1.9729,2.1558,13.5191,2.8856,13.6568,6.5147,7.3153,13_15
12.0951,11.5403,9.8221,4.3993,2.2578,3.6489,1.5682,1.2579,4.4077,1.5682,1.8413,14.8234,2.9913,14.4895,6.1951,7.0938,13_16
12.7417,11.9,9.8336,4.2658,2.1005,3.3918,1.5232,1.2481,4.3665,1.624,1.7804,14.7774,2.9853,14.0383,6.253,7.1702,13_17
12.342,11.7333,9.552,4.2081,2.2025,3.4769,1.4944,1.3631,4.4832,1.7109,1.9008,14.4541,3.2177,14.179,6.4355,7.2466,13_18
11.9754,11.5263,9.9781,4.7577,2.5815,3.8106,1.5853,1.3794,4.6429,1.8116,1.9044,13.4307,3.0272,13.743,6.4714,7.3746,13_19
12.454,11.3372,9.5395,4.4208,2.4051,3.6264,1.5904,1.2633,4.3258,1.6216,1.8194,14.3997,3.0937,14.2563,6.4319,7.4148,13_20
12.1968,11.4949,9.8382,4.4154,2.3218,3.624,1.5882,1.3846,4.5611,1.7409,2.0305,13.8307,3.1115,14.2378,6.3862,7.2374,13_21
12.5971,11.405,9.4843,4.4781,2.5073,3.7766,1.547,1.3591,4.3549,1.6931,1.785,14.7808,2.7704,14.1441,6.3486,6.9687,13_210
12.9162,12.0088,9.7373,4.3167,2.3132,3.4887,1.5706,1.3979,4.3484,1.6897,1.7771,13.7819,3.0221,13.8296,6.34,7.4618,13_211
12.4862,12.1696,10.173,4.6052,2.4002,3.5765,1.5008,1.2924,4.1937,1.4638,1.7118,14.6938,2.9277,14.1926,6.0532,6.5596,13_212
13.7922,12.3541,9.8955,4.0189,2.0512,3.2856,1.3749,1.1814,3.8722,1.5053,1.7681,14.1609,3.1613,13.835,6.3614,7.3819,13_213
12.9141,12.1815,9.688,4.3028,2.2171,3.3827,1.4169,1.2642,4.2429,1.5174,1.73,14.7137,3.0058,14.3059,6.0328,7.0843,13_214
12.1278,11.4023,9.4207,4.2588,2.3167,3.8014,1.6621,1.4492,4.5388,1.7824,1.9461,14.4367,3.1803,14.0364,6.3291,7.311,13_22
12.6519,11.5814,9.6302,4.2991,2.2839,3.5186,1.3754,1.2155,4.0432,1.5247,1.7636,14.9678,3.0366,14.6394,6.2204,7.2483,13_23
12.3217,11.2948,9.7788,4.5324,2.3845,3.656,1.473,1.3517,4.4248,1.7371,1.7957,14.2642,2.7992,14.2975,6.5942,7.2945,13_24
12.2353,11.5228,10.0002,4.6348,2.3509,3.6239,1.6619,1.4087,4.6276,1.8192,1.9928,13.38,3.0145,13.72,6.6565,7.3509,13_25
12.2753,10.7744,9.2772,4.2467,2.1205,3.4895,1.5774,1.3021,4.4168,1.5985,1.8662,15.6272,3.0899,14.7706,6.2428,7.325,13_26
13.0673,11.9248,9.7361,4.3108,2.3079,3.4662,1.2845,1.1233,4.0812,1.514,1.7786,14.9476,3.0035,14.1993,6.1105,7.1444,13_27
12.8481,11.3689,9.4874,4.2568,2.2793,3.5298,1.4928,1.3191,4.2796,1.7146,1.8243,14.3501,2.9445,14.302,6.6206,7.3819,13_28
12.621,11.576,9.4385,4.3266,2.3636,3.5989,1.618,1.3484,4.2989,1.7271,1.8223,14.465,2.9446,14.1279,6.5911,7.1324,13_29
13.5619,11.7281,9.3793,4.0953,2.19,3.3429,1.4676,1.2202,4.0853,1.6064,1.8982,14.3029,3.2785,13.5762,6.4384,7.8287,13_30
12.8248,11.712,9.8103,4.3099,2.2192,3.4654,1.516,1.3033,4.5559,1.7033,1.9176,14.0646,2.9352,13.809,6.2894,7.5641,13_31
13.6747,11.886,9.4692,4.1133,2.0703,3.4579,1.4354,1.2459,4.0963,1.4678,1.6368,14.4291,3.0039,14.1441,6.1939,7.6754,13_310
12.0163,11.813,10.063,4.6789,2.4939,3.626,1.5203,1.374,4.5102,1.7236,1.8902,13.8984,2.9837,14.185,6.2419,6.9817,13_311
14.7375,12.2952,9.5099,3.7536,1.8723,3.0765,1.2881,1.1041,3.9037,1.4721,1.7062,14.139,3.1462,13.762,6.2584,7.9753,13_312
12.9942,11.7922,9.4625,4.0662,2.0686,3.3692,1.4079,1.3335,4.4104,1.6708,1.842,14.5785,3.2153,13.9316,6.325,7.5323,13_32
13.183,11.7013,9.8347,4.2943,2.1819,3.4246,1.4987,1.2715,4.3452,1.5614,1.8022,13.9561,3.033,13.9171,6.4864,7.5087,13_33
13.1822,11.7489,9.3618,4.0335,1.9946,3.2769,1.5719,1.2717,4.403,1.6695,2.0354,14.2976,3.165,14.0454,6.3869,7.5555,13_34
12.5497,11.491,9.7611,4.4775,2.3771,3.7825,1.4925,1.1681,4.3153,1.7111,1.8836,14.073,3.0687,13.7861,6.5148,7.5479,13_35
13.0487,11.4019,9.3829,4.2983,2.2963,3.5613,1.5005,1.2802,4.2014,1.605,1.717,14.7695,2.8111,14.3118,6.3078,7.5063,13_36
13.7247,11.6948,9.2055,3.9463,1.9645,3.2889,1.3975,1.2072,4.0367,1.6973,1.7338,15.2702,2.9775,14.2149,6.2069,7.4333,13_37
12.7022,11.369,9.4647,4.332,2.1596,3.4818,1.4471,1.2396,4.5046,1.695,1.9613,14.4413,3.0814,14.4909,6.3759,7.2537,13_38
12.3416,11.6119,9.5225,4.391,2.2642,3.8326,1.6879,1.4042,4.6051,1.7325,1.9413,14.0884,2.8976,14.0474,6.3198,7.3119,13_39
10.1428,10.5881,9.5638,5.4889,2.8906,4.8167,2.5858,2.5705,6.4339,2.8697,2.6735,11.1406,2.7918,11.5345,6.6426,7.2661,13_40
9.8599,10.4638,9.1845,5.3817,2.7395,4.8904,2.5996,2.6178,6.6138,2.989,2.8993,11.454,2.8141,12.0731,6.556,6.8633,13_41
10.5081,10.6819,9.5253,5.3327,2.6787,4.6005,2.5103,2.5911,6.1376,2.8443,2.7512,11.317,2.9607,11.5484,6.7809,7.2312,13_410
11.128,10.7813,9.2943,4.913,2.3185,3.9593,2.2698,2.4832,6.1068,2.7969,2.7875,11.8355,2.9208,12.3061,6.9476,7.1515,13_411
10.4111,10.6125,9.2872,5.1313,2.6754,4.4265,2.2628,2.3965,6.1975,2.9824,2.7596,11.4542,2.9395,12.1804,7.1019,7.1812,13_412
10.5487,10.631,9.4934,5.2836,2.6304,4.4186,2.4216,2.5196,6.3034,2.8392,2.6986,11.1111,2.7966,11.9264,7.0604,7.3175,13_413
10.9412,10.807,9.2381,5.0873,2.5354,4.5369,2.7326,2.5382,6.0045,3.1104,2.9187,11.3765,2.9078,11.4573,6.6014,7.2065,13_414
10.6326,10.612,9.4243,5.3889,2.5918,4.4381,2.5397,2.6629,6.1581,2.9582,2.8066,10.6989,3.0325,11.4302,7.1184,7.5069,13_415
10.2082,10.6454,9.5184,5.3019,2.8161,4.5829,2.5857,2.7134,6.3872,2.9105,2.9008,11.0937,2.898,11.4518,6.923,7.0632,13_416
10.933,11.0712,9.6532,5.2178,2.6046,4.3024,2.292,2.3697,6.0417,2.7877,2.627,11.1092,2.9517,11.7102,6.9432,7.3854,13_417
10.0509,10.3556,9.1496,5.342,2.6929,4.7071,2.5871,2.5852,6.4038,3.0742,2.8352,11.8443,2.7896,11.9137,6.599,7.0697,13_42
10.9438,11.0053,9.6205,5.2582,2.5975,4.3576,2.4083,2.4619,5.8543,2.7426,2.6543,11.3254,2.8641,11.8112,6.8795,7.2154,13_43
10.7728,10.7449,9.3638,5.0288,2.5823,4.2231,2.3186,2.3812,6.0983,2.6689,2.589,11.7823,3.0285,12.2365,6.932,7.2489,13_44
10.0984,10.5237,9.4029,5.2975,2.7299,4.7267,2.667,2.7033,6.5681,2.8978,2.7089,11.4584,2.8517,11.9174,6.5835,6.8647,13_45
10.4658,10.6236,9.4167,5.2238,2.728,4.5163,2.6612,2.7584,6.288,2.8464,2.6688,11.2779,2.9406,11.7607,6.8087,7.0151,13_46
10.5484,10.6284,9.6237,5.3802,2.8416,4.6564,2.3675,2.5103,6.2358,2.8322,2.5292,10.9236,2.818,11.4636,7.0474,7.5938,13_47
10.1309,10.4547,9.1783,5.223,2.6216,4.5526,2.5915,2.6301,6.3834,2.9195,2.8121,11.6337,3.0169,11.9975,6.8003,7.0538,13_48
10.9354,10.9653,9.6865,4.8609,2.5331,4.1448,2.1634,2.2164,5.7714,2.6825,2.616,11.9219,3.0032,12.3106,6.8762,7.3124,13_49
10.4241,10.6207,9.3353,5.2134,2.5911,4.6019,2.5179,2.6304,6.5449,2.8053,2.7077,11.2919,2.8094,12.1353,6.7673,7.0032,13_50
11.1424,11.0033,9.3395,4.865,2.3325,4.101,2.245,2.5262,6.4554,2.8184,2.6294,11.5064,2.9918,12.2297,6.8304,6.9835,13_51
10.6805,10.6805,9.3855,4.9985,2.3693,4.1025,2.263,2.3546,6.2543,2.796,2.6211,11.9298,2.8778,12.4922,7.0637,7.1307,13_510
11.1187,10.6994,9.2161,4.8934,2.4459,4.2213,2.3748,2.5292,6.3842,2.8334,2.6805,11.5485,2.8183,12.2645,6.9079,7.0638,13_511
11.3133,10.9033,9.5007,5.0043,2.4835,4.2271,2.438,2.3455,6.0508,2.7541,2.5236,11.3022,2.7914,12.3045,6.9108,7.1469,13_512
10.816,10.6945,9.427,5.1897,2.7149,4.3843,2.5199,2.5769,6.1407,2.7269,2.6429,11.0184,2.8559,12.0264,7.1606,7.1051,13_513
10.4661,10.627,9.1446,5.0982,2.6543,4.6153,2.6571,2.4693,6.5524,2.8505,2.7108,11.4289,2.9126,12.4441,6.6089,6.7599,13_514
10.525,10.5503,9.2654,5.2171,2.619,4.4086,2.4879,2.6547,6.4618,2.9301,2.7902,11.3885,2.8021,12.1538,6.7908,6.9546,13_515
11.0568,10.8013,9.3908,4.9672,2.5146,4.288,2.4342,2.5697,6.1419,2.7928,2.7377,11.4098,2.8973,11.8927,6.869,7.2361,13_52
11.5251,11.1524,9.3842,4.9406,2.4356,4.2977,2.4515,2.4905,6.1974,2.7303,2.5208,11.2549,2.7722,12.0292,6.742,7.0757,13_53
11.1207,10.8597,9.4921,4.9372,2.4686,3.9244,2.1855,2.2683,5.9721,2.6414,2.5458,11.6372,2.9337,12.7346,7.1062,7.1724,13_54
10.591,10.5219,9.0975,4.9221,2.5165,4.324,2.5595,2.6168,6.4078,2.9244,2.8266,11.8994,3.0495,12.1248,6.8352,6.7831,13_55
10.4532,10.6654,9.2634,5.044,2.3947,4.2437,2.3537,2.472,6.5141,2.9206,2.5902,11.8991,2.7054,12.5296,6.9036,7.0476,13_56
10.6454,10.6468,9.1542,4.8846,2.272,4.2637,2.385,2.6096,6.3655,3.0118,2.7564,11.887,2.8885,12.4389,6.8029,6.9878,13_57
10.7004,10.8077,9.3303,5.0038,2.4838,4.2609,2.2343,2.4113,6.2262,2.7152,2.6106,12.0371,2.8782,12.3451,6.9203,7.0346,13_58
10.2842,10.5029,9.3654,5.16,2.5736,4.4455,2.5493,2.5035,6.4117,2.8708,2.6079,11.8861,2.8922,12.1676,6.8404,6.939,13_59
12.068,11.8646,10.3325,4.8774,2.4337,3.5187,1.2784,1.2256,4.8774,1.4818,1.7631,12.9144,2.8004,13.9818,6.6858,7.8963,1_10
12.1002,11.5958,9.9538,4.7639,2.3368,3.7621,1.5182,1.5563,5.4754,1.937,1.8132,12.9712,2.7794,13.7088,6.1227,7.6052,1_11
11.0,10.66,9.7965,5.0161,2.5296,3.8238,1.3985,1.3441,5.3334,1.8179,1.9584,13.7994,2.6474,14.7173,6.5506,7.6069,1_110
10.6474,10.4245,9.7558,5.2759,2.6576,4.355,1.5921,1.6925,5.5747,2.1309,1.9938,13.3319,2.6992,13.6258,6.8803,7.3628,1_111
10.265,10.2545,9.3942,5.1012,2.6999,4.4518,1.8083,1.5681,5.7109,2.0985,2.0881,13.7876,2.7166,14.4516,6.187,7.4168,1_112
10.6759,10.5277,9.7286,5.5036,3.1848,4.9166,1.7609,1.4413,5.4861,1.9585,2.0718,12.9221,2.7024,13.4596,6.294,7.3662,1_113
10.6809,10.8579,9.8145,5.0325,2.4974,4.104,1.7497,1.6348,5.5768,2.1452,2.1113,13.0879,2.7988,13.975,6.6277,7.3058,1_114
9.5988,9.8965,9.3131,5.4861,2.8595,4.6073,1.8679,1.6974,5.7406,2.3697,2.108,13.397,2.8283,14.0477,6.7801,7.402,1_115
10.6317,10.5709,9.4569,4.8209,2.4591,4.1471,1.6078,1.3962,5.2246,1.9288,2.048,13.784,3.0526,15.0634,6.3897,7.4186,1_116
11.1668,10.7137,10.21,5.1821,2.7095,3.9262,1.3662,1.3501,5.3155,1.824,1.7227,13.1058,2.7164,14.0488,6.6219,8.0203,1_12
11.8775,11.0349,9.5247,4.7169,2.3755,3.6155,1.3513,1.2014,4.9327,1.8736,1.9258,13.4263,2.966,14.5981,6.8608,7.7192,1_13
10.6372,10.5455,9.6665,4.9883,2.4753,3.9987,1.4399,1.332,5.1743,1.812,2.0304,14.1101,2.7799,14.9298,6.6007,7.4797,1_14
11.8608,11.2534,9.7836,4.6315,2.4063,3.8813,1.5107,1.2453,4.9479,1.8552,2.0593,13.6726,2.7738,14.7877,6.0707,7.2599,1_15
10.5257,10.4931,9.5478,5.1512,2.961,4.3122,1.4056,1.471,5.5108,1.964,1.9749,13.6012,2.8112,14.1896,6.3661,7.7145,1_16
10.3113,10.6974,10.1183,5.0685,2.4159,3.9633,1.345,1.208,5.1432,1.812,1.812,14.4925,2.6245,15.3176,6.4851,7.1856,1_17
10.6269,10.7066,9.7758,5.037,2.5095,3.9983,1.517,1.2856,5.0576,1.895,1.8487,14.1572,2.6201,14.9465,6.662,7.3563,1_18
11.4822,11.1606,9.6456,4.645,2.3091,3.7803,1.4127,1.2033,4.9373,1.7318,1.8049,14.0129,2.7207,15.3745,6.4718,7.3073,1_19
10.4616,10.8166,9.9057,5.5267,2.9187,4.5334,1.6717,1.5935,5.9684,2.1177,2.1325,12.0953,2.6925,13.078,6.6933,7.7944,1_20
10.9416,11.0925,9.9216,5.1021,2.669,4.2394,1.7446,1.6022,5.6546,1.9422,1.9614,13.0241,2.5691,14.1099,6.0924,7.3333,1_21
9.7065,9.6131,9.3356,5.4136,2.9536,4.8933,1.9824,1.7236,5.9018,2.3052,2.3106,13.3191,2.6334,14.0555,6.4248,7.428,1_210
10.7693,10.4915,9.1441,4.8265,2.4366,4.2758,1.6941,1.5957,5.5174,2.0014,2.0162,14.1157,2.7218,14.4845,6.4764,7.4328,1_211
10.7003,10.7875,9.7906,5.0003,2.4745,3.9833,1.3747,1.178,5.1769,1.7949,1.9514,14.2768,2.8679,15.1977,6.1783,7.2669,1_212
10.6812,10.7928,9.4371,4.9626,2.399,4.1899,1.7323,1.5315,5.3476,2.0336,1.8913,14.1598,2.7421,14.9269,5.9975,7.1747,1_213
10.3453,10.8959,9.7862,5.1381,2.6423,4.2943,1.6604,1.4908,5.2365,1.9639,2.0456,13.7958,2.7952,14.3108,6.4425,7.1565,1_214
10.7025,11.0009,10.0511,5.2935,2.6121,4.3289,1.5046,1.4079,5.533,1.8492,1.9312,13.1065,2.694,14.1719,6.485,7.3276,1_22
10.5391,10.6663,9.9748,5.0664,2.4706,3.9008,1.4036,1.3789,5.1751,1.8632,1.9904,13.7874,2.8687,14.5138,6.8619,7.539,1_23
10.5534,10.9956,9.9293,4.974,2.5169,4.0937,1.4403,1.3515,5.2488,1.9714,1.9941,14.0044,2.6905,14.5231,6.3978,7.3153,1_24
10.3925,10.9883,9.9693,5.4591,2.7686,4.4697,1.6606,1.4881,5.7556,1.9868,1.8817,13.5521,2.189,14.0373,6.1465,7.2545,1_25
10.5853,10.7552,9.6674,4.9827,2.4467,4.336,1.8447,1.654,5.7367,2.2202,2.238,13.3806,2.7685,14.3551,6.1211,6.9079,1_26
10.7514,10.6025,9.4006,4.8074,2.4194,3.9322,1.3717,1.2228,5.4397,1.8733,1.8472,14.3831,2.8427,15.2845,6.2915,7.5299,1_27
10.0694,10.8396,9.6427,5.1047,2.6825,4.4855,1.6804,1.4944,5.5248,1.9145,2.0086,13.7584,2.7416,14.3864,6.3256,7.3409,1_28
10.9385,10.9827,9.6062,5.2051,2.5762,4.4621,1.7554,1.6733,5.927,2.2668,2.1237,12.6644,2.6646,13.4664,6.2933,7.3941,1_29
10.7665,11.0204,9.9063,5.4846,2.8236,4.6865,1.8392,1.7296,5.8536,2.2136,1.9981,11.9847,2.7231,13.0422,6.3668,7.5612,1_30
10.7852,10.9284,10.0152,5.1085,2.5662,4.1388,1.6486,1.4165,5.5141,1.833,1.9892,13.7766,2.6985,14.3905,6.0933,7.0976,1_31
11.4607,10.7675,9.5654,4.7407,2.5746,3.9587,1.3795,1.2604,4.9951,1.5966,1.7763,14.2734,2.8173,15.0016,6.2252,7.607,1_310
10.9218,10.4789,9.5718,5.273,2.8699,4.4903,1.5031,1.4218,5.3185,1.8071,1.8167,13.7461,2.6377,14.1028,6.4147,7.6258,1_311
9.4658,9.7653,9.5314,5.3504,2.7491,4.2918,1.3786,1.4279,5.7115,2.191,2.1828,13.9053,2.9829,14.5659,6.9506,7.5496,1_312
10.5434,10.3038,9.5032,5.1963,2.7855,4.3757,1.5414,1.3573,5.3382,1.9339,1.8807,14.114,2.6747,14.8237,6.2786,7.3497,1_313
11.2091,11.1719,9.8195,4.8622,2.4914,3.9181,1.4846,1.2712,5.1847,1.8303,1.9602,13.61,2.8835,14.582,6.4025,7.3188,1_314
10.744,10.7607,9.7399,5.1142,2.7971,4.0893,1.5134,1.3714,5.0829,1.7701,1.981,13.8438,2.9078,14.3301,6.2414,7.713,1_32
11.7217,11.1781,9.8364,4.8206,2.3745,3.5358,1.275,1.2848,4.9417,1.7864,1.8828,13.8565,2.8637,14.5706,6.3871,7.6843,1_33
10.6132,10.5351,9.5092,4.8848,2.4242,3.9266,1.4477,1.4295,5.3352,1.9529,2.0076,14.3809,2.8095,14.7299,6.6424,7.3714,1_34
10.2839,10.678,9.6387,4.9794,2.5956,4.1421,1.3791,1.2707,5.0632,1.8839,1.8814,14.5049,2.8296,15.6229,6.3462,6.9003,1_35
10.6681,10.1503,9.489,5.1019,2.6283,4.2548,1.4717,1.2551,5.0709,1.7757,1.9558,14.7175,2.6987,14.8891,6.4779,7.3953,1_36
10.9213,10.7988,9.8053,4.6955,2.4413,3.7689,1.381,1.1828,4.798,1.6171,1.8377,14.8127,2.7509,15.8061,6.1434,7.2393,1_37
11.2881,10.5688,9.4626,4.6815,2.4057,3.808,1.3449,1.3389,4.9172,1.7106,1.8254,15.0478,2.717,15.1475,6.4162,7.3199,1_38
11.2745,10.6202,9.4604,4.7469,2.4504,4.0515,1.3856,1.2675,4.7905,1.7166,1.8064,14.4356,2.7532,15.2157,6.5148,7.5103,1_39
10.0591,10.4991,9.8373,5.6229,3.0111,4.7523,1.8115,1.8429,6.1165,2.0222,2.0222,12.4251,2.586,13.0943,6.6654,7.6322,1_40
9.5012,10.224,9.7428,5.6474,2.9474,4.8066,2.0061,1.8419,6.4533,2.2555,2.1511,12.4969,2.6497,13.5367,6.3238,7.4158,1_41
10.2903,10.8423,9.8813,5.4049,2.6899,4.6697,1.8568,1.769,5.9042,2.0877,2.0551,12.9175,2.5619,13.6025,6.3383,7.1287,1_410
9.9271,10.041,9.3118,5.0447,2.7203,4.3411,1.4955,1.6009,5.6856,2.1364,1.9512,13.8694,2.7574,14.8208,6.8421,7.4546,1_411
10.0517,10.7905,9.5808,5.1297,2.5995,4.2525,1.4937,1.5052,5.7231,1.9185,2.0731,13.5054,2.8165,14.3457,6.7342,7.4799,1_412
9.7185,10.5651,9.8912,5.6128,2.796,4.6827,1.7862,1.7444,6.1993,2.2835,2.1259,12.4822,2.7409,13.2794,6.5486,7.5432,1_42
10.0521,10.8694,9.7213,5.0059,2.502,4.3578,1.8847,1.7308,5.929,2.2654,2.1597,13.0503,2.8577,13.8945,6.479,7.2405,1_43
9.5561,10.2454,9.6115,5.2931,2.7535,4.6077,1.7254,1.6957,6.1469,2.3514,2.1295,13.1396,2.7139,14.0508,6.654,7.3255,1_44
9.7732,10.3665,9.6722,5.3971,2.7168,4.5782,1.8076,1.6679,5.9151,2.2375,2.0613,13.6185,2.5685,14.2569,6.4009,6.9618,1_45
10.1304,10.2699,9.337,4.9135,2.6085,4.3292,1.6228,1.4324,5.7484,1.9168,1.9545,13.7943,2.8082,14.9742,6.5513,7.6087,1_46
9.5273,10.2467,9.57,5.4201,2.8472,4.7819,1.9855,1.8514,6.0745,2.3005,2.1481,12.9557,2.709,13.5146,6.6232,7.4442,1_47
10.8456,10.7076,9.5329,5.1881,2.7158,4.4502,1.6365,1.5738,5.527,1.9779,2.0456,12.9916,2.5928,13.7095,6.6464,7.8587,1_48
9.8045,10.0161,9.6662,5.4332,2.8478,4.8758,1.6843,1.5785,5.8644,2.1175,1.9873,13.5941,2.563,14.2125,6.3139,7.4409,1_49
10.5987,10.5507,9.6879,5.3626,2.9902,4.5414,2.0154,2.097,6.0909,2.3835,2.4204,11.6632,3.0319,12.3291,6.616,7.6213,1_50
10.274,10.4869,9.6778,5.3925,2.8977,4.6597,1.9483,1.927,5.9994,2.2784,2.3192,12.5701,3.0112,12.9214,6.191,7.4455,1_51
9.4048,9.9714,9.63,5.6734,3.2447,5.0438,2.0606,2.1599,6.1117,2.6611,2.482,12.3033,2.6975,12.6713,6.4773,7.4071,1_510
10.8805,10.6864,9.1354,4.9635,2.7115,4.2172,1.853,1.8292,5.8005,2.3556,2.375,12.7508,3.0502,13.4195,6.439,7.5327,1_511
10.0871,10.7524,9.396,5.2775,2.7957,4.7642,2.2014,2.0672,5.8896,2.5351,2.5469,12.6024,2.9102,12.6735,6.2844,7.2163,1_512
9.9939,10.4688,9.6681,5.6246,2.9626,4.9427,2.1948,2.2604,6.011,2.6544,2.5004,11.9867,2.859,12.4817,6.2484,7.1425,1_513
11.3378,11.3501,9.5491,4.9424,2.5541,4.2404,1.846,1.7743,5.2842,2.2655,2.2307,12.7786,2.9102,13.3168,6.3893,7.2304,1_514
10.436,10.2334,9.2037,5.2979,2.7472,4.6121,2.1126,2.1453,6.0614,2.4463,2.4012,12.7144,2.784,12.9089,6.5732,7.3224,1_515
10.2826,10.5576,9.328,5.1493,2.746,4.3661,1.9808,1.9728,5.6494,2.481,2.465,12.8034,3.0429,13.0505,6.5003,7.6242,1_516
