15.0215,12.4336,6.4224,3.8914,5.8308,2.183,7.226,2.8094,14.8886,4.2901,14.4932,10.51,10_10
16.7941,12.6742,5.8879,3.3237,5.021,1.9225,6.9618,2.4149,14.9319,3.7323,15.2488,11.087,10_11
13.9671,12.3133,6.956,4.5054,6.099,2.2853,6.9811,2.8365,15.1047,4.8612,14.5735,9.5169,10_110
15.9793,11.9935,5.8164,3.4005,5.2423,1.9471,7.231,2.7099,15.1804,3.9414,15.6686,10.8895,10_111
16.5414,12.2626,5.5022,2.9859,4.8546,1.915,7.3733,3.0252,15.5654,4.1238,15.0172,10.8333,10_112
14.0727,11.2873,6.2238,3.7877,5.6619,2.1414,7.5846,2.8674,15.2725,4.8053,15.962,10.3335,10_113
14.5215,11.2107,5.8354,3.4107,5.4483,2.1448,8.0483,3.1015,15.6852,4.5378,15.9359,10.12,10_114
14.7945,11.2083,5.6273,3.2008,5.117,2.0625,7.6506,3.051,16.5144,4.2642,15.9256,10.5838,10_115
15.3752,11.9374,6.0126,3.6597,5.3616,2.1432,7.2073,2.8576,15.2753,4.4619,15.051,10.6573,10_116
12.7061,11.1848,6.8103,4.0667,6.3752,2.8088,8.5062,3.6967,15.2425,5.0374,14.0705,9.4948,10_117
15.1167,11.6522,5.7753,3.4377,5.56,2.2778,8.2653,3.5214,15.1317,4.2776,14.4143,10.5701,10_118
15.4844,11.6899,5.745,3.1656,4.9376,2.177,7.4318,3.0857,15.8069,4.1143,15.6576,10.704,10_119
15.6897,12.1402,6.0272,3.4255,5.178,2.0006,6.9145,2.7894,15.2985,3.9852,15.766,10.7853,10_12
13.6951,11.6615,6.5729,4.096,6.4058,2.4608,7.9735,3.4695,14.3183,5.0565,14.0741,10.2159,10_120
14.452,12.1957,6.7949,4.2038,5.6834,2.2349,6.954,2.7835,15.2761,4.37,15.3901,9.6616,10_121
16.233,12.2583,6.0087,3.4589,5.0678,2.1703,7.0586,2.9475,14.5081,4.0088,15.2194,11.0606,10_122
17.5575,12.7166,5.4148,2.9833,4.6276,1.9717,6.7905,2.3506,15.2584,3.2371,15.5122,11.5799,10_13
16.6443,12.6266,6.081,3.662,5.131,1.8373,6.4577,2.3353,14.4053,3.888,15.5981,11.3334,10_14
17.0746,12.5943,5.789,3.1663,4.7263,1.7484,6.7096,2.2757,15.3098,3.4395,16.031,11.1354,10_15
16.1609,12.5302,6.1207,3.4186,5.1298,2.106,7.1079,2.7861,15.1664,3.7843,14.808,10.8812,10_16
14.6317,11.8503,6.0294,3.4682,5.4529,2.1933,8.0228,3.2335,16.3644,4.2794,14.4,10.0742,10_17
13.264,12.8528,7.6663,4.5055,6.223,2.2913,6.9425,2.8609,15.3711,4.8653,14.2875,8.8698,10_18
14.6393,13.0305,6.8891,4.3211,5.6257,1.9956,6.8169,2.867,14.8971,4.7182,14.366,9.8334,10_19
15.452,12.1749,5.9171,3.3812,5.2643,2.0391,7.5921,2.7414,15.1191,4.2811,15.3948,10.6429,10_20
14.5831,11.8881,6.238,3.5228,5.65,2.1172,7.4266,2.7102,16.5237,4.2268,15.4461,9.6674,10_21
15.325,12.0415,6.11,3.4318,5.296,1.8914,7.1844,2.8326,15.5944,4.3245,15.1767,10.7917,10_210
15.457,12.1965,6.058,3.341,5.1423,1.9774,6.9561,2.7145,16.1916,3.8592,15.5853,10.521,10_211
14.8014,11.1991,5.8177,3.1807,5.0854,2.171,7.005,3.0402,16.1439,4.3161,16.7357,10.5037,10_212
14.386,11.0755,5.9234,3.2238,5.3081,2.0756,7.7043,3.1545,16.7042,4.3028,15.8159,10.3259,10_213
15.3965,12.5048,6.2235,3.5795,5.3541,1.8874,7.0076,2.6688,15.7404,4.226,15.369,10.0424,10_214
15.0404,11.7424,5.949,3.3354,5.6378,2.0162,7.262,2.6882,16.7953,4.2937,15.5943,9.6453,10_215
16.2668,12.6881,6.0469,3.1251,5.1522,1.9864,6.9384,2.6871,15.3627,4.2012,14.8434,10.7017,10_216
16.5443,12.6245,5.9513,3.1097,4.6173,1.7787,6.4478,2.5219,15.9382,3.664,16.0997,10.7026,10_217
16.6657,13.5671,6.5379,3.8552,5.2203,2.0351,6.5155,2.5431,14.3403,4.0534,14.1198,10.5466,10_218
15.1714,12.9103,6.6538,3.9418,5.897,1.9457,6.6065,2.5922,15.225,4.4054,14.6006,10.0501,10_219
16.4892,12.3198,5.6873,3.1484,4.9951,2.0514,7.5225,2.9115,15.4405,3.8268,14.5643,11.0434,10_22
16.3186,12.6493,6.2226,3.3306,5.6364,2.3014,6.6221,2.4534,14.8986,3.7084,15.3328,10.5259,10_220
17.7912,13.0938,5.7491,2.9278,4.4366,1.9042,6.4389,2.6165,14.7709,3.5532,15.0653,11.6524,10_221
14.6225,11.1339,5.8827,3.4258,5.4033,1.9179,7.4435,2.8901,16.3123,4.1798,16.6264,10.1617,10_23
14.6538,11.7601,6.3737,3.673,5.7671,2.2464,7.186,2.6119,15.6234,4.2339,15.8392,10.0315,10_24
15.5355,12.3434,6.197,3.5035,5.5059,1.9492,7.0931,2.6479,15.9001,3.82,15.1305,10.3739,10_25
15.7319,12.5477,6.207,3.3219,5.0891,1.8853,6.9745,2.6253,15.9051,4.0973,15.4524,10.1626,10_26
13.7359,11.8421,6.5566,3.7845,5.87,2.2292,7.6265,2.8935,17.1659,4.337,15.138,8.8209,10_27
14.8516,11.8677,6.1481,3.4908,5.3068,1.9205,7.1488,2.7278,15.8027,4.4915,15.868,10.3757,10_28
15.2985,12.8197,6.7056,3.7563,5.5805,2.0635,6.9658,2.7285,15.4063,4.2242,14.5204,9.9309,10_29
11.7727,10.8841,6.7669,3.8098,6.8308,2.8633,9.8119,3.9954,14.1388,5.487,14.0849,9.5543,11_10
11.2769,10.2888,6.8768,3.7941,6.7856,3.097,9.993,4.293,13.9374,5.5513,14.3179,9.7883,11_11
11.3808,10.3923,7.1356,3.8825,7.0467,3.2392,10.0785,4.4927,13.2897,5.4411,13.4763,10.1447,11_110
10.9227,10.3725,7.077,3.6893,7.0733,3.1673,10.2858,4.5673,13.8658,5.6451,13.5794,9.7545,11_111
11.0375,10.4946,7.0465,3.9789,7.0431,3.1178,9.5936,4.2798,14.0671,5.5819,13.9495,9.8098,11_112
10.949,10.2329,6.9438,3.689,6.9914,2.9558,10.2234,4.3918,13.9791,5.7821,13.922,9.9396,11_12
11.2374,10.587,7.1232,4.0022,7.1005,3.3675,9.8334,4.4481,13.346,5.6738,13.5908,9.69,11_13
10.9566,10.3355,7.0348,3.8587,7.1991,3.2664,10.0773,4.4473,13.7879,5.5975,13.7463,9.6927,11_14
11.3274,10.5783,6.7582,3.6069,6.893,2.989,9.9258,4.3195,14.2727,5.4823,14.054,9.7928,11_15
11.6071,10.457,6.7626,3.7086,6.8121,3.1778,10.0377,4.3739,13.6667,5.4585,14.0542,9.8838,11_16
11.6324,10.5928,6.9139,3.7931,6.7997,3.2204,10.0969,4.3886,13.4646,5.4365,13.67,9.9911,11_17
11.1875,10.2853,7.1083,3.6152,7.1116,3.392,9.9064,4.3793,13.6885,5.6234,14.0529,9.6496,11_18
11.0983,10.3238,6.9726,3.7687,6.914,3.1812,10.1953,4.4355,13.7997,5.603,13.9036,9.8043,11_19
13.3561,11.9041,6.7557,3.6884,6.3503,2.8777,9.228,3.6702,13.9126,4.8701,13.838,9.5487,11_20
12.6404,11.6657,7.1658,3.9447,6.7114,2.9957,9.1519,3.8073,13.5748,4.9158,13.8936,9.533,11_21
11.9562,10.8353,6.8328,3.773,6.6367,3.2114,9.3265,4.1162,14.3564,5.2327,14.3029,9.4201,11_210
12.149,10.6584,6.4311,3.7066,6.5298,2.8651,9.7108,3.9657,15.0511,4.7875,14.7821,9.3628,11_211
11.8717,11.0834,7.4023,4.1376,6.9569,3.4451,8.8721,3.8771,13.6778,4.9326,14.2813,9.4622,11_212
12.2559,11.3474,7.1929,3.9061,6.572,2.9908,9.1375,3.8244,13.7717,5.1021,14.2208,9.6785,11_213
12.7734,11.4607,6.8807,3.7485,6.5344,2.9444,9.0523,3.6917,14.63,4.8558,14.0431,9.3849,11_22
12.0625,10.8308,6.5926,3.8474,6.8106,2.9694,9.2618,3.6665,14.8633,5.0113,14.6494,9.4345,11_23
12.2037,11.0951,6.8968,3.8397,6.8431,3.0418,9.5033,4.0257,13.6671,5.2973,13.7246,9.8619,11_24
11.6733,11.0891,7.3208,4.0337,7.004,3.1564,9.095,3.9267,14.6238,4.9703,14.0,9.1069,11_25
12.4866,11.2463,6.9118,3.7397,6.4094,3.2162,9.51,4.2063,13.7941,5.0661,13.6238,9.7896,11_26
12.3597,10.8784,6.8799,3.7133,6.5732,3.0457,9.1552,4.1193,14.2723,5.1676,14.2254,9.6099,11_27
12.3339,10.9238,6.74,3.6691,6.4797,2.8028,9.4573,3.8361,14.2879,4.9957,14.5288,9.9448,11_28
12.5192,10.8744,6.7033,3.5614,6.3072,2.8973,9.2044,3.9303,14.5387,5.0547,14.6902,9.719,11_29
12.2487,11.4307,7.0311,4.0113,6.6092,2.7537,9.2427,3.7609,13.3486,5.5448,13.9498,10.0686,11_30
11.633,11.124,7.0215,3.8173,6.8319,2.9667,9.6927,3.93,13.9575,5.4501,14.0054,9.5698,11_31
11.1384,9.7901,6.7434,3.7591,6.9688,3.1574,10.1362,4.1092,13.8007,5.5179,14.9095,9.9692,11_310
11.3668,10.6137,6.7967,3.941,6.9183,3.0054,9.5472,4.0181,14.9195,5.2741,14.253,9.3461,11_311
11.3225,10.4775,6.8343,3.8318,6.8304,3.0301,9.9194,4.156,14.3958,5.3232,14.1796,9.6994,11_312
11.7532,10.8986,6.9147,3.9505,7.0516,3.0081,9.563,3.7522,13.7522,5.4721,14.0505,9.8333,11_32
11.3245,10.6856,6.8691,3.9859,6.9217,2.8112,9.4524,3.908,14.4201,5.6944,14.3539,9.5732,11_33
11.5734,10.7258,6.8269,3.843,6.9984,2.9319,9.5219,3.9567,14.5227,5.4708,14.0931,9.5354,11_34
11.0336,10.0847,6.6001,3.6765,6.9349,3.0431,10.4173,4.1605,14.1599,5.7386,14.5992,9.5515,11_35
11.4775,10.7178,6.9032,3.9383,6.8149,3.0661,9.7188,4.2386,14.081,5.5862,13.8482,9.6095,11_36
11.0099,10.1536,6.907,3.7972,7.0095,3.2864,9.903,4.3174,14.0134,5.821,14.2659,9.5157,11_37
12.0107,10.6153,6.8516,3.7313,6.7202,2.9375,9.5682,3.9236,13.7584,5.2581,14.4437,10.1812,11_38
10.9075,9.8771,6.7442,3.8027,7.0337,2.9832,9.8231,4.0725,14.8647,5.4415,14.7837,9.6661,11_39
11.8614,11.0367,6.7125,3.7184,6.4607,2.901,10.1992,4.5523,14.0381,5.4919,13.405,9.6227,11_40
11.3512,10.7736,7.2438,3.9668,7.0208,3.3473,9.9506,4.2152,13.2919,5.526,13.5448,9.7681,11_41
10.7466,10.3171,7.1309,3.9195,7.0067,3.1527,10.3339,4.5839,13.7282,5.5654,13.7987,9.7164,11_410
11.0775,10.1631,6.842,3.6869,6.8588,3.0458,10.182,4.3259,14.1905,5.503,14.262,9.8625,11_411
11.8062,11.0114,6.9509,3.8418,6.9133,3.034,9.7057,4.0866,13.9115,5.4592,13.5443,9.7351,11_42
11.1801,10.3793,6.8751,3.7186,6.9297,3.1403,9.983,4.4142,14.3244,5.4718,14.0555,9.528,11_43
11.0379,10.5317,6.9813,3.8861,6.9971,3.0635,9.9376,4.0759,14.2473,5.6543,13.9801,9.6072,11_44
10.7618,10.3818,7.1206,3.7998,7.0561,3.4413,10.4115,4.5532,13.9553,5.556,13.4729,9.4897,11_45
11.2234,10.5754,7.167,3.9594,6.9425,3.1787,9.7471,4.3438,14.1912,5.2911,13.7728,9.6076,11_46
11.4438,10.4224,6.9407,3.8871,6.9143,3.1764,9.9047,4.0907,13.6707,5.5034,14.2376,9.8082,11_47
10.7009,10.3257,7.1193,3.8842,7.1988,3.1591,10.1973,4.3304,14.1457,5.4882,14.024,9.4265,11_48
11.2241,10.4815,6.9685,3.8581,6.9482,3.2035,9.9741,4.2961,13.6986,5.727,13.9387,9.6815,11_49
12.9369,11.6276,6.7774,3.9232,6.4524,2.8932,9.0847,3.557,14.3217,4.793,14.1019,9.531,11_50
13.2998,11.8311,6.8114,3.6595,6.4222,2.8369,9.562,3.6113,13.2576,4.8211,13.9598,9.9272,11_51
13.3604,11.9333,6.7981,3.8075,6.554,2.7176,8.4236,3.3008,14.2559,5.0132,14.0656,9.77,11_510
12.3119,10.7623,6.4934,3.7416,6.4834,2.7918,9.4076,3.7666,14.8938,4.8888,14.7788,9.6801,11_511
12.7653,11.3296,6.7988,3.8344,6.3361,2.8085,9.0868,3.8168,14.1733,4.7119,14.5203,9.8185,11_512
12.6861,11.3601,6.7429,3.9157,6.6339,2.547,9.0911,3.5115,14.7712,4.8546,14.3691,9.5167,11_52
13.1275,11.6847,6.8705,3.717,6.5508,2.7478,8.8189,3.6571,13.697,5.1399,14.0947,9.8941,11_53
12.2678,10.966,6.6806,3.8002,6.7683,2.8531,9.5025,3.7612,14.1777,5.1313,14.4018,9.6896,11_54
12.5229,11.1704,6.5513,3.7355,6.4456,2.6432,9.1352,3.5217,15.3489,4.8175,14.8105,9.2975,11_55
12.632,11.2253,6.6586,3.5735,6.3586,2.6411,9.4051,3.6506,14.3671,4.8606,14.7948,9.8328,11_56
12.2247,10.6784,6.522,3.5529,6.5066,2.8943,9.5198,3.7577,15.196,4.7357,14.9956,9.4163,11_57
13.2837,11.305,6.556,3.6513,6.4191,2.7628,8.7637,3.5767,13.6869,4.8087,15.0285,10.1576,11_58
12.2575,10.8713,6.5575,3.7513,6.5394,3.0064,9.9419,3.9426,14.042,5.1352,14.069,9.8857,11_59
10.651,10.2061,6.8748,4.2622,7.2305,3.4747,10.1227,4.9794,13.8125,5.6995,13.3471,9.3396,12_10
10.5218,10.5844,7.5149,4.6121,7.4766,3.8408,9.919,5.0985,12.662,5.7638,12.5074,9.4987,12_11
11.8556,10.8447,7.1405,4.3428,7.09,3.3945,9.1066,4.4906,12.8647,5.4667,13.3589,10.0444,12_110
11.8654,10.5407,6.7081,3.9023,6.4651,3.0572,9.6448,4.7854,14.0542,5.3517,13.6295,9.9956,12_111
11.0742,9.9329,6.4277,4.0104,6.9827,3.4296,10.475,4.8199,14.1738,5.574,13.4344,9.6655,12_112
11.8673,11.1992,7.0841,4.2273,6.9085,3.3746,9.253,4.4409,13.5347,5.2864,13.3663,9.4576,12_113
10.739,10.0566,6.9226,4.2991,7.4852,3.542,10.2945,4.9259,13.7219,5.5943,13.0448,9.3742,12_114
9.944,9.6902,6.7498,4.5005,7.6743,3.852,10.6296,4.9044,13.5737,6.0253,13.3236,9.1325,12_115
10.804,10.1509,6.6187,4.2489,7.356,3.6143,10.3727,4.8937,13.2642,5.9226,13.2868,9.4671,12_116
10.1767,10.073,7.2969,4.7092,7.6784,3.6876,10.1496,4.7795,13.0581,5.8059,13.1842,9.4009,12_12
10.9074,10.2805,7.1631,4.3457,7.2078,3.4699,9.8338,4.5962,13.5174,5.6284,13.3882,9.6615,12_13
10.9534,10.4259,7.175,4.3515,7.5133,3.6366,9.922,4.5371,12.7854,5.7996,13.0856,9.8146,12_14
10.2692,9.8354,7.0258,4.4278,7.3687,4.1374,10.5894,5.2588,13.2485,5.8012,12.5628,9.475,12_15
10.5469,10.2311,7.1854,4.417,7.4256,3.9287,9.9297,4.6748,13.3041,5.9253,12.985,9.4463,12_16
10.5737,10.0282,7.1403,4.5126,7.3965,4.2212,10.382,5.1226,13.2034,5.5273,12.5034,9.3888,12_17
11.5837,11.3959,7.6973,4.7847,7.0499,3.4004,9.1203,4.4777,12.7908,5.2602,12.875,9.5642,12_18
11.2007,10.4165,7.2559,4.4581,7.2131,3.9258,10.0569,5.0601,12.7438,5.4229,12.3667,9.8794,12_19
10.1967,10.0866,6.9595,4.8354,7.83,4.0872,10.582,5.1086,13.3564,5.712,12.7714,8.4742,12_20
9.7546,9.9894,7.0622,4.6185,7.3531,3.4127,10.6294,4.9556,14.0321,6.0209,13.38,8.7916,12_21
10.7077,10.7359,7.213,4.4767,7.2975,3.3786,9.8385,4.54,13.2435,5.9337,13.3579,9.2771,12_210
11.0214,10.3583,6.7946,4.1929,7.2014,3.2755,10.0278,4.3475,14.0978,5.57,13.7842,9.3286,12_211
10.2467,9.8175,6.8799,4.5215,7.7103,3.9459,10.6235,5.1565,13.1947,5.7566,12.7167,9.4303,12_212
9.927,10.113,7.1576,4.6638,7.8947,3.5995,10.1578,5.115,13.0373,6.1174,12.965,9.2519,12_213
10.5369,9.9653,6.7184,4.2695,7.4178,3.6523,10.3324,4.8393,13.4277,6.0135,13.2871,9.5398,12_214
10.1893,10.0106,7.1856,4.2767,7.5458,3.7404,10.7283,5.138,13.7808,5.5389,12.7813,9.0843,12_215
10.422,9.9297,6.811,4.2769,7.4264,3.5429,10.4901,4.9451,13.8857,5.7956,13.3363,9.1385,12_216
10.3971,10.213,6.9495,4.4263,7.3351,3.7054,10.7924,5.1104,13.3563,5.8991,12.618,9.1975,12_217
10.5366,11.0017,7.3688,4.5652,7.3074,3.1261,9.6986,4.5169,14.0334,5.7454,13.1384,8.9615,12_218
10.5579,10.6551,7.2138,4.4325,7.545,3.7818,10.1457,4.7822,12.9802,5.7618,12.6885,9.4555,12_219
10.4287,10.5652,7.1562,4.4774,7.4617,3.655,10.3864,4.9463,13.2804,5.7342,12.7827,9.1258,12_22
11.697,10.6744,6.4086,4.1058,6.994,3.6531,10.4129,5.2377,13.4338,5.3782,12.4112,9.5933,12_220
10.7562,10.1123,6.5607,4.0916,7.2705,3.4679,10.4216,4.6062,13.8819,5.8889,13.5879,9.3543,12_221
10.5055,10.0955,6.8973,4.3468,7.4271,3.6178,10.1903,4.7606,13.5239,5.7912,13.5509,9.2931,12_23
10.8652,10.5163,6.8685,4.4011,7.392,3.4979,9.96,4.592,13.4065,5.7826,13.3142,9.4037,12_24
10.9479,10.721,7.4102,4.7799,7.5614,3.778,9.3735,4.7475,12.471,5.9114,12.7167,9.5814,12_25
10.9907,10.4525,6.8571,4.3597,7.363,3.5416,9.9932,4.7203,13.4235,5.7196,13.1741,9.4047,12_26
9.8512,10.2226,7.4711,4.8622,8.0916,4.4274,10.5804,5.1792,12.297,6.1145,11.946,8.9567,12_27
10.4617,10.2847,6.7781,4.6068,7.7451,3.5648,10.5053,4.6092,13.4327,5.9469,13.2461,8.8186,12_28
10.9506,10.3958,7.0163,4.4854,7.5004,3.5934,10.0368,4.8317,13.2966,5.6276,12.8107,9.4548,12_29
11.4031,10.8949,7.2013,4.1444,7.2409,3.4623,10.1712,4.5656,12.8347,5.5839,12.8386,9.6591,12_30
10.7066,10.9701,7.5901,4.3475,7.4512,3.4965,10.2484,4.852,12.6992,5.4795,12.4597,9.6992,12_31
10.9405,11.0296,7.5024,4.744,7.4271,3.4282,9.7594,4.6053,12.3494,5.6932,12.7873,9.7337,12_310
11.1873,10.4265,6.8451,4.3113,7.1318,3.2969,9.8664,4.6399,13.3264,5.5948,13.5403,9.8333,12_311
10.5239,10.6021,7.2526,4.4547,7.4597,3.2269,9.742,4.6554,13.5331,5.7543,13.3006,9.4947,12_312
10.9143,10.2463,7.0516,4.1793,7.2229,3.3835,9.9355,4.4697,13.2638,5.7272,13.9231,9.6829,12_313
11.0421,10.7726,7.1472,4.1858,7.1735,3.2227,10.3551,4.618,12.8811,5.7914,13.1276,9.683,12_314
11.3835,10.6175,6.6732,3.9233,7.0481,3.0991,10.3707,4.4193,13.7795,5.8373,13.3487,9.4999,12_315
11.1033,10.8251,7.098,4.4958,7.0739,3.1967,9.8563,4.4858,13.7255,5.6748,13.2651,9.1997,12_316
11.0245,10.5579,6.74,4.1448,7.353,3.2423,10.3467,4.4002,13.2723,6.0282,13.2654,9.6247,12_317
10.7327,10.5741,7.1885,4.2697,7.3857,3.1761,10.2167,4.5793,12.8429,5.7961,13.2696,9.9687,12_32
10.6546,10.5516,7.0943,4.104,7.3355,3.1218,9.8391,4.4175,13.4564,5.8864,13.8115,9.7273,12_33
10.6605,10.5188,7.2613,4.3951,7.3297,3.2335,10.1242,4.5317,13.2467,5.736,13.2894,9.6732,12_34
11.1498,10.926,7.3487,4.3728,7.4221,3.2224,9.8629,4.1455,13.0363,5.6107,13.442,9.4608,12_35
11.2557,10.7091,7.0026,4.12,6.8638,3.0074,9.9073,4.4335,13.392,5.829,13.5473,9.9323,12_36
11.7588,11.0482,6.9963,4.1837,6.9592,3.154,9.8738,4.3469,13.1725,5.5139,13.321,9.6716,12_37
10.2432,10.0399,7.1527,4.457,7.7203,3.4782,10.1918,4.5902,13.1561,5.9006,13.4831,9.5868,12_38
11.4013,10.6657,7.0522,4.2655,7.3145,3.2752,9.5423,4.1743,13.1691,5.6474,13.7698,9.7229,12_39
10.8928,10.2569,7.0175,4.2037,7.1384,3.3997,9.6658,4.9708,13.788,5.7012,13.4018,9.5633,12_40
10.7716,10.0775,7.0066,4.1993,7.1404,3.2532,10.0194,4.8216,13.6642,6.0275,13.4723,9.5463,12_41
9.3796,9.8034,7.5376,4.7998,7.9912,4.1583,10.6076,5.7047,12.8437,6.1561,12.0716,8.9466,12_410
10.3847,10.5649,7.3981,4.7837,7.7063,3.8368,9.9157,4.8834,12.7669,5.7678,12.6984,9.2934,12_411
10.4221,10.1001,6.9208,4.2575,7.4815,3.5089,10.0832,4.8044,13.5012,5.8472,13.4858,9.5872,12_412
9.8606,9.7563,7.1633,4.7039,7.678,4.085,10.258,5.3196,13.0627,6.3131,12.6067,9.1928,12_413
10.234,10.1716,7.2658,4.6561,7.484,3.8874,10.3768,4.9521,13.0723,5.6584,13.0567,9.1849,12_414
9.6498,9.6641,7.1504,4.6188,7.7569,4.2513,10.5882,5.2968,13.002,5.9997,12.7308,9.2912,12_415
10.3187,10.2184,7.3055,4.5576,7.4415,3.5837,9.8217,5.0657,13.5191,5.7967,13.2494,9.1219,12_416
9.8011,9.8892,7.3456,4.4632,7.8834,4.2336,10.5878,5.4355,12.7945,6.1819,12.2414,9.1428,12_417
9.9331,9.8073,6.9966,4.3496,7.5033,3.8223,10.7259,5.082,13.6675,6.0298,12.9627,9.1197,12_418
9.2876,9.7234,7.4137,5.0168,8.0776,4.4759,10.7385,5.5885,12.5407,6.2319,11.7434,9.162,12_419
11.2705,10.9843,7.1086,4.1054,6.8412,3.1677,9.7261,4.7945,13.4012,5.6978,13.1304,9.7724,12_42
10.825,10.3748,7.1803,4.6212,7.4844,3.7968,9.7725,4.8103,12.5577,5.9836,12.8715,9.7219,12_420
10.7886,10.3338,7.0159,4.3088,7.1851,3.4805,9.646,4.8076,13.6011,6.0205,13.3352,9.4768,12_43
11.1227,10.3716,6.8809,4.5238,7.4715,3.7428,9.5977,4.7283,13.203,5.6345,13.1942,9.5289,12_44
10.2615,10.3319,7.4525,4.7733,7.8991,4.0342,9.9426,4.9141,12.3622,5.7148,12.6262,9.6874,12_45
10.3766,10.4699,7.3235,4.4979,7.8913,3.7419,10.2703,4.8235,12.9144,5.6955,12.7377,9.2575,12_46
9.0944,9.6062,7.4006,4.7998,8.356,4.531,10.7786,5.399,12.6927,6.4257,12.0514,8.8645,12_47
9.7655,10.1718,7.4671,5.0235,8.3058,4.1529,10.2124,4.8059,12.5631,5.9696,12.4093,9.1532,12_48
9.8223,9.964,6.9823,4.5757,7.8866,3.8089,10.4015,5.0132,13.4499,6.028,12.8894,9.1784,12_49
13.6407,12.3279,6.822,3.9366,6.2837,2.963,8.8249,4.1661,13.9005,5.1566,12.4072,9.5707,13_10
13.3822,11.6874,6.6781,3.9179,6.3129,2.9883,8.754,4.1374,13.9698,5.1493,13.3505,9.6722,13_11
13.8073,12.3579,7.0195,3.7297,6.2742,3.2544,8.7847,4.4484,13.0502,5.058,12.3033,9.9123,13_110
12.7908,11.962,7.1002,3.9106,6.7119,3.3119,8.9413,4.3044,14.1861,4.7323,12.6632,9.3855,13_111
13.1503,11.9205,7.0426,3.9814,6.4881,3.3738,8.9006,4.3072,13.4437,4.9089,12.5413,9.9416,13_112
13.4945,11.9223,6.6287,3.6987,6.2511,2.9043,8.7809,4.0839,14.2331,5.2906,13.0445,9.6674,13_12
13.7751,12.1152,6.4615,3.6442,6.1117,2.8854,8.6741,4.0488,14.4108,4.9987,13.2756,9.5988,13_13
12.4512,11.2512,6.9046,4.0539,6.8427,3.2982,9.122,4.1298,13.5135,5.209,13.2564,9.9675,13_14
12.9395,11.4767,6.738,3.9466,6.5109,3.1848,8.8427,4.2881,13.9945,4.9265,13.2309,9.921,13_15
13.5556,11.9267,6.7505,3.7291,6.3005,2.8335,8.6597,3.8821,14.7663,4.811,13.3146,9.4704,13_16
14.0499,12.3299,6.6051,3.5808,5.8721,2.7718,8.6131,4.0566,14.4998,4.6083,13.1826,9.8299,13_17
13.5673,11.9442,6.6037,3.5899,6.0955,3.0219,8.7706,4.0481,14.4369,5.1339,13.072,9.716,13_18
13.4423,12.1554,6.8711,4.039,6.2976,3.0012,8.4716,4.1128,13.7421,5.0922,13.0979,9.677,13_19
13.9285,11.8895,6.5613,3.8965,6.2012,3.0077,8.7432,3.8922,14.0242,4.9324,12.9997,9.9234,13_20
13.7453,11.9643,6.6901,3.8231,6.0862,3.0191,8.5287,4.0473,13.867,4.9459,13.4458,9.8373,13_21
14.0041,12.0175,6.7547,3.9523,6.2373,2.9685,8.441,3.7843,13.9418,4.5925,13.2903,10.0159,13_210
14.4251,12.6362,6.8297,3.8391,6.0917,2.9575,8.1732,3.6882,13.5417,4.9452,12.8883,9.9842,13_211
13.9424,12.7585,7.1486,3.878,6.0029,2.8633,8.0681,3.6684,14.3664,4.6284,13.1324,9.5426,13_212
15.2654,12.8572,6.5528,3.4956,5.6817,2.696,8.0428,3.7307,13.9051,4.7053,12.7989,10.2685,13_213
14.3447,12.6025,6.6372,3.6977,5.7908,2.749,8.3494,3.7065,14.5016,4.7522,13.1086,9.76,13_214
13.4572,11.8885,6.7457,3.751,6.28,3.1283,8.6357,4.085,14.1991,5.1283,12.9608,9.7404,13_22
14.2547,12.3157,6.4635,3.7472,5.9304,2.7494,8.012,3.7472,14.5496,4.7158,13.706,9.8084,13_23
13.7284,11.9652,6.5665,3.9068,6.2776,2.8905,8.5005,3.7905,13.9309,4.9372,13.6561,9.8498,13_24
13.9605,12.3398,6.8401,3.9125,6.1841,2.9679,8.3619,3.9712,13.3246,4.8906,13.1854,10.0614,13_25
13.7004,11.2426,6.1762,3.566,6.2002,2.7713,9.0383,3.9788,14.9799,4.6193,13.6713,10.0557,13_26
14.5652,12.6407,6.5425,3.6413,5.9335,2.6774,8.1953,3.7116,14.3462,4.7602,13.1714,9.8146,13_27
14.3312,11.8906,6.3618,3.7379,5.9099,2.8758,8.3588,3.865,13.9397,4.7687,13.6794,10.2809,13_28
14.1313,12.0919,6.6848,3.8008,5.9882,2.967,7.9807,3.8333,13.7541,4.8674,13.5285,10.372,13_29
15.1841,12.5551,6.4547,3.5512,5.8299,2.7385,8.0342,3.6026,13.4571,4.8292,13.0825,10.6808,13_30
14.2246,12.0838,6.4875,3.5906,6.0027,2.8548,8.5672,3.9592,13.9633,4.7793,13.2884,10.1985,13_31
15.0246,12.2292,6.2794,3.4263,5.7765,2.7126,8.1565,3.7558,14.2922,4.7958,13.3286,10.2225,13_310
13.54,12.2526,7.1939,4.0292,6.2311,2.9681,8.2346,3.9642,14.0446,4.8955,13.1708,9.4756,13_311
16.2349,12.8757,6.0891,3.3127,5.302,2.4426,7.826,3.7079,13.7026,4.6661,13.1364,10.7037,13_312
14.3584,12.26,6.4749,3.5455,6.0578,2.7947,8.5653,3.807,14.0231,4.9605,12.9049,10.2482,13_32
14.5664,12.2319,6.3839,3.6486,6.1385,2.7757,8.4233,3.7169,13.5987,4.7902,13.4543,10.2717,13_33
14.4757,12.2,6.4333,3.3898,5.8435,2.8295,8.2303,3.9469,14.1245,4.9222,13.4563,10.1482,13_34
14.159,12.3351,6.705,3.7936,6.2114,2.8315,8.1858,3.8061,13.6466,5.0252,13.2486,10.052,13_35
14.3733,11.9474,6.4673,3.6689,6.1188,2.8929,8.1618,3.7101,14.0625,4.6698,13.5749,10.3525,13_36
14.7437,12.0552,6.1726,3.3218,5.7187,2.6937,8.428,4.0604,14.7144,4.616,13.2304,10.245,13_37
14.068,11.8035,6.4924,3.6688,6.0515,2.7687,8.5306,3.8702,13.9648,4.9317,13.5888,10.2611,13_38
13.8813,12.0385,6.6895,3.7824,6.2777,2.9313,8.5629,3.9068,13.8005,4.871,13.1949,10.0633,13_39
10.6342,10.3177,7.7899,4.4911,7.6823,4.2709,9.7506,5.2924,12.2519,5.4709,12.1873,9.8608,13_40
10.4566,10.0758,7.7267,4.2585,7.4565,4.1793,10.043,5.5156,12.5326,5.4965,12.3797,9.8792,13_41
11.1804,10.6787,7.7717,4.2715,7.5083,4.1687,9.5688,5.1343,12.2852,5.3274,12.0758,10.0291,13_410
11.658,10.4328,7.3565,3.9579,7.0683,3.9778,9.5655,5.0326,12.5921,5.21,12.8718,10.2767,13_411
11.0762,10.2844,7.6726,4.254,7.3399,3.7422,9.6566,5.2144,12.5905,5.3439,12.6989,10.1263,13_412
11.1801,10.4429,7.5894,4.1937,7.397,4.1782,9.7198,5.0303,12.226,5.3028,12.572,10.1679,13_413
11.2773,10.7507,7.7397,4.1332,7.4157,4.0531,9.3872,5.5705,12.6484,5.3616,11.7114,9.9513,13_414
11.1645,10.5013,7.7139,4.3242,7.4556,4.3387,9.5669,5.2108,11.9437,5.3791,12.1497,10.2518,13_415
10.9172,10.609,7.7598,4.4247,7.5027,4.2162,9.591,5.3301,12.251,5.417,12.1576,9.8238,13_416
11.5336,10.7856,7.6211,4.2308,7.1554,4.1462,9.6817,5.1074,12.1248,5.4148,12.0903,10.1082,13_417
10.5282,9.9528,7.5494,4.3329,7.3953,4.1837,9.9069,5.5051,12.766,5.5297,12.4201,9.9298,13_42
11.4941,10.7288,7.6962,4.1806,7.3981,4.033,9.33,5.0362,12.3339,5.3458,12.2952,10.1283,13_43
11.6077,10.7068,7.4604,4.0659,7.1678,3.9275,9.4357,5.0481,12.7489,5.269,12.5923,9.9699,13_44
10.7504,10.3246,7.6675,4.2589,7.7181,4.1714,9.8114,5.2244,12.461,5.3714,12.4027,9.8381,13_45
11.1511,10.6255,7.7018,4.3183,7.5644,4.2342,9.3655,5.1509,12.285,5.2868,12.4084,9.9079,13_46
11.1978,10.7389,7.5967,4.4074,7.4895,4.0686,9.5996,5.1579,12.1857,5.1608,12.2657,10.1314,13_47
10.7251,10.4137,7.704,4.2982,7.509,4.2498,9.7621,5.4116,12.4326,5.5242,12.3109,9.6588,13_48
11.6508,10.8566,7.3745,4.0345,7.0616,3.5956,9.4964,4.9658,12.9948,5.2251,12.723,10.0213,13_49
10.9348,10.4216,7.6517,4.1899,7.5708,4.1476,9.7394,5.1523,12.379,5.3503,12.519,9.9435,13_50
11.4339,10.6483,7.5736,3.8312,7.2571,4.0922,9.7099,5.1402,12.4556,5.2096,12.5861,10.0625,13_51
11.3055,10.3542,7.3154,4.0357,7.2464,3.8551,9.7288,4.9048,12.6914,5.2366,12.9938,10.3322,13_510
11.4955,10.31,7.3739,3.9453,7.3537,4.018,9.6305,4.9828,12.6191,5.1765,12.8438,10.2508,13_511
11.872,10.5973,7.4347,4.1058,7.1195,3.9532,9.4107,5.0132,12.4255,5.0938,12.7147,10.2597,13_512
11.3978,10.3154,7.4879,4.2352,7.5513,4.215,9.561,4.9289,11.993,5.2002,12.7016,10.4126,13_513
10.9219,10.3206,7.6312,4.0929,7.4518,4.1851,9.8709,5.1944,12.5477,5.3953,12.4706,9.9176,13_514
10.9523,10.2713,7.6691,4.1374,7.4192,4.2061,9.835,5.2163,12.4531,5.4028,12.3512,10.0862,13_515
11.6031,10.7216,7.5972,4.1093,7.4033,4.0327,9.4088,4.9768,12.3469,5.1732,12.3979,10.2291,13_52
11.9224,10.8082,7.4034,4.0,7.3064,3.9961,9.4714,4.8644,12.3378,5.1789,12.4659,10.2452,13_53
11.7184,10.601,7.3879,3.9913,7.2257,3.9176,9.5016,4.8876,12.5688,5.3267,12.6868,10.1865,13_54
11.1692,10.4224,7.5369,4.1231,7.5252,4.1839,9.6674,5.0522,12.5914,5.2392,12.4594,10.0297,13_55
11.1371,10.3558,7.5525,4.0004,7.3426,3.8528,9.7382,4.9158,12.899,5.0919,13.0926,10.0213,13_56
11.225,10.42,7.594,3.9643,7.4016,3.9591,9.6401,5.0921,12.6597,5.2686,12.7388,10.0366,13_57
11.1944,10.48,7.485,3.9596,7.4675,3.9483,9.7156,4.9166,12.8445,5.2707,12.6594,10.0584,13_58
10.979,10.3437,7.742,4.2261,7.538,4.0737,9.6064,4.8962,12.7996,5.1441,12.6795,9.9719,13_59
13.3106,12.0141,6.9275,3.8263,6.3786,2.5727,9.6583,3.9098,12.8295,5.1815,13.0328,10.3585,1_10
13.1757,11.5409,6.8191,3.7473,6.5244,2.9944,10.1856,4.2851,13.0553,5.2402,12.5347,9.8974,1_11
12.1442,11.0084,6.6969,3.9043,6.8206,2.8824,10.0184,4.2257,13.3359,5.5272,13.4117,10.0244,1_110
11.6006,10.5835,7.0363,4.193,7.2874,3.2489,9.9011,4.3948,13.0512,5.3647,13.1757,10.1629,1_111
11.2491,10.4471,6.947,4.0759,7.313,3.2684,10.3073,4.3701,13.3569,5.6282,13.2502,9.7868,1_112
11.4499,10.8268,7.1956,4.4081,7.8188,3.1542,9.9292,4.3876,13.0654,5.2493,12.6115,9.9036,1_113
11.7327,10.8816,7.1646,4.0211,7.0588,3.2526,9.5858,4.3748,13.3061,5.4821,13.2119,9.9279,1_114
10.8274,10.1529,7.2154,4.2885,7.6014,3.4041,10.1275,4.4921,13.2728,5.5653,13.2028,9.8496,1_115
11.6238,10.5508,6.6833,3.8846,7.0907,3.0995,10.1689,4.6312,13.8935,5.5911,13.2877,9.4949,1_116
12.3681,11.1608,6.8444,4.168,6.8423,2.7485,9.7536,4.1948,13.3138,5.3775,13.2252,10.0029,1_12
13.0632,11.3489,6.7393,3.7972,6.6497,2.7018,9.1276,4.0354,13.4297,5.2652,13.5234,10.3186,1_13
11.813,10.5902,6.7281,3.9647,6.9001,2.8685,9.9883,4.1678,13.9172,5.4432,13.6903,9.9286,1_14
12.8763,11.3565,6.7428,3.7847,6.7428,2.7746,9.5241,4.3011,13.9566,5.2932,13.062,9.5853,1_15
11.401,10.6751,6.8372,4.1182,6.9858,2.9563,10.2319,4.7506,13.617,5.6562,12.8959,9.8749,1_16
11.5816,10.9613,6.9479,3.9433,6.813,2.6891,9.7044,4.1348,14.206,5.2595,13.9713,9.788,1_17
12.1274,11.0473,6.9114,4.0334,6.8955,2.7983,9.3018,3.9832,14.1897,5.1431,13.718,9.851,1_18
12.5396,11.0821,6.631,3.6629,6.6055,2.8279,9.7627,4.1685,14.0438,5.1097,13.5551,10.0113,1_19
11.2868,10.7854,7.2535,4.1985,7.2667,2.9968,10.2278,4.5853,12.404,5.5598,12.8997,10.5357,1_20
11.9294,11.1092,6.9951,4.0034,7.0327,3.0968,9.9062,4.3525,13.4291,5.2215,13.0518,9.8724,1_21
10.7041,10.0224,7.0762,4.4404,7.9376,3.2778,9.9407,4.4661,13.2255,5.5447,13.3796,9.9851,1_210
11.6927,10.323,6.6188,3.7454,7.0515,2.9946,10.1435,4.2776,13.891,5.3703,13.5556,10.336,1_211
11.9823,10.9605,6.977,3.8975,6.6931,2.5576,9.6307,4.1894,14.092,5.5492,13.7121,9.7586,1_212
11.7903,10.857,7.0923,3.8601,6.8235,2.9464,9.8187,4.3242,14.0623,5.1695,13.3685,9.8871,1_213
11.6206,10.9833,7.3569,4.1503,7.1841,3.0672,9.3559,4.2191,13.6344,5.4582,13.2406,9.7293,1_214
11.8657,11.1336,7.2726,4.1156,6.8962,2.7974,9.7985,4.2111,13.2382,5.3234,13.2906,10.0569,1_22
11.9429,10.9117,7.0983,4.1085,7.0838,2.9352,9.64,4.0666,13.5499,5.3147,13.4242,9.9242,1_23
11.6394,11.0147,7.1779,3.9676,7.0894,2.8785,9.4427,4.0616,14.0296,5.687,13.3588,9.6528,1_24
11.2421,10.797,7.257,4.1995,7.1498,3.0063,10.2097,4.337,13.5773,5.2109,13.1881,9.8252,1_25
11.7364,10.8761,7.3055,4.0603,7.1413,3.1816,9.828,4.3939,13.0334,5.262,13.0916,10.09,1_26
11.9441,10.6073,6.7375,3.8652,6.9337,2.7776,9.8638,3.9644,13.8351,5.5576,13.7936,10.1201,1_27
11.0478,10.7466,7.0488,4.0486,7.3004,3.0669,10.3158,4.487,13.4647,5.6592,13.0835,9.7307,1_28
11.7074,10.795,6.9766,4.0298,7.0842,3.2083,10.2535,4.7568,12.7441,5.4819,12.6384,10.324,1_29
11.6304,10.9527,7.3685,4.2865,7.2668,3.2444,10.0468,4.5442,12.2688,5.3565,12.7513,10.2831,1_30
12.1524,11.2396,7.0296,4.1056,7.0586,2.953,9.8685,4.007,13.4171,5.3858,13.0304,9.7525,1_31
12.4593,11.0955,6.4542,3.8956,6.6087,2.6822,9.9584,4.2726,13.7984,5.453,13.3596,9.9625,1_310
12.0135,10.9019,6.9994,4.2043,7.3841,2.9672,9.7073,4.0768,13.2421,5.3989,13.1656,9.939,1_311
10.8308,10.0885,6.9146,4.3074,7.3205,3.0679,10.2348,4.3989,13.7158,5.7957,13.3099,10.0154,1_312
11.8264,10.7329,6.9273,4.1485,7.2232,2.7729,9.6433,4.1191,13.4156,5.5183,13.6763,9.9961,1_313
12.2563,11.3756,6.9433,3.9714,6.6996,2.8244,10.0463,4.2315,13.3848,5.3293,13.0755,9.862,1_314
12.0084,11.1257,6.9608,4.1948,7.0524,2.9717,9.5715,4.1761,13.6167,5.517,13.1099,9.695,1_32
13.071,11.4658,6.8287,3.9037,6.4251,2.6329,9.2097,3.9862,13.8156,5.0875,13.4567,10.117,1_33
11.9001,10.8098,6.9614,3.9249,6.813,2.8184,9.6244,4.1198,14.0064,5.3956,13.7674,9.8587,1_34
11.6903,11.1196,7.1117,4.0519,7.0721,2.7349,9.6556,3.9026,14.1509,5.325,13.7075,9.4778,1_35
11.8723,10.6989,6.8138,4.1514,7.0356,2.6649,9.6413,3.9394,14.298,5.2262,13.6497,10.0086,1_36
12.27,11.1814,6.6705,3.8531,6.6802,2.6294,9.8853,4.0293,14.4726,5.2647,13.4975,9.5661,1_37
12.5954,10.9149,6.5304,3.8129,6.6925,2.7387,9.5642,3.773,14.3849,5.0733,13.978,9.9418,1_38
12.3943,10.7598,6.4654,3.842,6.7632,2.6757,9.789,4.0807,13.9038,5.5356,13.7151,10.0755,1_39
10.8713,10.4028,7.1947,4.3263,7.5882,3.4382,10.2885,4.4406,12.3194,5.7924,13.0083,10.3293,1_40
10.4686,10.4208,7.3752,4.2783,7.662,3.312,10.8015,4.7239,12.8212,5.5741,12.7102,9.8523,1_41
11.3412,10.6693,7.2551,4.0904,7.2704,3.4448,9.9624,4.3027,13.1139,5.3817,13.0679,10.1002,1_410
11.1775,10.2053,6.9622,4.1039,7.4078,3.1975,10.0737,4.2533,13.3041,5.5774,13.8029,9.9344,1_411
11.1623,10.7221,7.1001,3.9264,7.2112,3.0153,10.2491,4.527,13.2746,5.6171,13.2932,9.9015,1_412
10.8202,10.6111,7.418,4.4171,7.5917,3.36,10.3819,4.4238,12.3139,5.6664,12.9259,10.07,1_42
11.182,10.7271,7.2842,4.0073,7.1628,3.2941,10.3457,4.5939,13.1112,5.5226,12.918,9.8514,1_43
10.6093,10.308,7.3724,4.1743,7.6455,3.1911,10.2305,4.5267,13.0568,5.7214,13.2947,9.8693,1_44
10.9311,10.3507,7.2811,4.1945,7.3678,3.0997,10.1095,4.2096,13.2431,5.4947,13.5635,10.1547,1_45
11.2761,10.3464,6.7616,3.946,7.0626,3.0013,10.6892,4.5312,13.3042,5.6163,13.5132,9.9518,1_46
10.5295,10.2857,7.235,4.3019,7.6426,3.5579,10.2839,4.5653,13.1797,5.6225,13.0408,9.7553,1_47
11.6221,10.67,6.8244,4.0841,7.1943,3.1364,10.2388,4.5109,12.9068,5.5352,12.9309,10.346,1_48
10.7002,10.1684,7.0865,4.2512,7.7839,3.1241,10.3321,4.452,13.023,5.8995,13.2414,9.9377,1_49
11.801,10.8453,7.3727,4.507,7.4899,3.7694,9.8703,4.6806,11.9524,5.3707,12.2551,10.0855,1_50
11.5159,10.8103,7.2193,4.3516,7.3358,3.7318,10.1921,4.8711,12.325,5.5573,12.2295,9.8603,1_51
10.5502,10.2996,7.5273,4.7972,7.9776,3.8901,9.6786,4.8681,12.7703,5.4537,12.6528,9.5345,1_510
11.8799,10.6535,6.9038,4.0778,7.0932,3.6325,10.1398,4.984,12.7353,5.439,12.4834,9.9777,1_511
11.22,10.6949,7.4615,4.3249,7.4382,3.8571,9.8149,4.8572,12.5034,5.5975,12.1861,10.0443,1_512
11.0064,10.5815,7.5724,4.5033,7.7063,4.1084,10.0157,5.009,12.3574,5.4293,12.1103,9.6,1_513
12.508,11.2752,7.2638,4.1931,6.9041,3.4792,9.4184,4.4385,12.7103,5.201,12.5323,10.0761,1_514
11.5091,10.3436,7.1393,4.3605,7.5777,3.972,9.8736,4.5955,12.4526,5.3688,12.719,10.0882,1_515
11.3117,10.7384,7.2085,4.1158,7.2666,3.7022,9.9131,5.0518,13.082,5.6685,12.2894,9.6519,1_516
11.1925,10.488,7.1712,4.2339,7.3891,3.5259,10.3492,4.6362,12.8088,5.5638,12.7561,9.8855,1_52
11.6455,10.5698,7.2682,4.1526,7.1132,3.4551,9.8366,4.7044,12.9848,5.3802,12.9708,9.9188,1_53
12.5155,11.0594,7.1119,4.104,6.937,3.5651,9.6541,4.7548,12.7474,5.4077,12.3142,9.829,1_54
11.8182,10.699,7.2225,4.1346,7.1073,3.549,9.7509,4.9898,13.0768,5.2705,12.5544,9.8271,1_55
10.7723,10.6133,7.8768,4.7306,7.7215,3.8626,9.3863,4.7287,12.5362,5.5667,12.4783,9.7267,1_56
11.5501,10.5743,7.0299,4.1101,7.2615,3.795,10.2269,4.915,12.8391,5.3935,12.3227,9.982,1_57
11.4779,10.5282,7.0923,4.2707,7.3858,3.8077,10.0561,4.8504,12.7192,5.2769,12.4986,10.0361,1_58
11.5743,10.5226,7.0892,4.0472,7.0112,3.7138,10.3717,5.0158,12.6889,5.5201,12.5097,9.9355,1_59
11.8375,10.635,6.6788,4.1802,6.8642,3.1007,9.4234,3.8204,13.8569,5.5791,14.2167,9.8071,2_10
11.0375,10.0583,6.7903,4.3421,7.5152,3.3154,9.4377,4.1239,13.7912,5.6782,14.1973,9.7129,2_11
11.2874,10.7688,7.2731,4.533,7.1879,3.4246,9.3146,4.3151,13.4023,5.4685,13.3715,9.6533,2_110
10.6038,10.1948,7.0418,4.3454,7.3902,3.1443,9.9784,3.9775,13.9147,5.7022,14.0944,9.6126,2_111
11.7593,10.4805,6.675,3.975,6.9485,3.0332,9.5542,4.2677,14.1993,5.3057,13.9547,9.8469,2_112
11.4304,10.5739,6.8861,4.3126,7.1077,3.0773,9.4152,4.1594,14.0462,5.4069,13.8648,9.7195,2_113
11.8436,10.6104,6.7384,4.1433,6.9054,3.0753,9.1823,3.9885,13.6421,5.5035,14.3796,9.9877,2_12
11.1706,10.1744,6.7877,4.2063,7.5821,3.3867,9.7042,4.1559,13.8583,5.5952,13.6691,9.7096,2_13
10.832,10.3267,7.081,4.5017,7.5093,3.5682,9.5881,4.2635,13.7241,5.558,13.4666,9.5809,2_14
11.442,11.0992,6.9818,4.3511,6.9337,3.0608,9.1759,4.1699,14.2124,5.4557,13.7474,9.3702,2_15
11.2981,10.4547,6.8348,4.1715,7.3766,3.5027,9.7581,4.3561,13.497,5.4893,13.5545,9.7065,2_16
11.2685,10.9663,7.2021,4.4294,7.3173,3.3756,9.1002,4.2231,13.5296,5.4384,13.6943,9.4552,2_17
11.8822,10.9328,7.0453,4.3154,6.9039,3.1673,9.0722,4.0442,13.8671,5.2782,13.7505,9.7408,2_18
11.2733,10.2472,6.8177,4.1789,7.0846,3.2961,9.5429,4.1475,14.1417,5.5582,14.1299,9.5821,2_19
11.3223,10.3428,6.9193,4.2164,7.3088,3.2696,9.4146,4.3913,13.5448,5.4454,13.806,10.0187,2_20
10.4613,9.8913,7.0228,4.349,7.7978,3.738,10.1251,4.2957,12.9034,5.8827,13.4816,10.0513,2_21
11.2925,10.4452,6.9386,4.1811,7.088,3.1075,9.4485,4.3838,13.9604,5.5684,13.653,9.933,2_210
11.217,10.3263,6.9853,4.245,7.2298,3.2918,9.6119,4.4212,13.6048,5.6701,13.4589,9.9378,2_211
10.1971,9.5677,6.9675,4.4766,7.65,3.6551,10.401,4.6893,13.3115,5.7708,13.536,9.7775,2_212
10.7813,10.2887,7.1617,4.4707,7.424,3.3365,9.6131,4.4386,13.7158,5.7652,13.2497,9.7547,2_213
11.6687,10.4892,6.8095,4.106,6.9597,3.09,9.619,4.2341,13.7294,5.4909,13.8553,9.9481,2_214
10.2625,9.6997,6.8361,4.3438,7.3705,3.5044,9.9764,4.4975,14.2067,5.7011,14.0435,9.5578,2_215
10.4449,9.972,7.1372,4.3743,7.3967,3.4748,9.9232,4.6339,13.6292,5.9035,13.2514,9.8589,2_216
10.7796,10.3866,7.0343,4.2873,7.2112,3.2071,9.7981,4.3413,13.9271,5.658,13.6775,9.692,2_22
11.2999,10.6674,7.0638,4.192,6.958,3.1694,9.5059,4.419,13.4929,5.607,13.7486,9.8761,2_23
11.1982,10.4771,7.0716,4.2943,7.2817,3.2742,9.3581,4.1286,13.6867,5.5486,13.8462,9.8348,2_24
10.2071,9.5096,6.7542,4.4593,7.6966,3.413,9.9515,4.1638,14.6238,5.6573,14.2138,9.3499,2_25
12.1052,10.7314,6.7714,4.1024,6.7863,2.9115,9.0896,4.096,13.9725,5.5273,13.9682,9.9381,2_26
10.0424,9.7997,6.7888,4.3915,7.7207,3.2925,9.676,4.3068,14.5072,5.8775,14.0469,9.5501,2_27
11.0203,9.9865,6.8465,4.1422,7.2551,3.2573,9.781,4.1016,14.0926,5.5982,14.4402,9.4786,2_28
10.6907,10.2222,7.0084,4.4193,7.2547,3.2996,9.5469,4.3445,14.3511,5.6951,14.0189,9.1487,2_29
10.9889,10.2827,7.0112,4.2827,7.4774,3.5804,9.6492,4.3318,13.6683,5.5672,13.5247,9.6355,2_30
10.5029,9.6805,7.075,4.5442,7.7659,3.6428,9.6388,4.3424,13.5162,5.564,13.8606,9.8669,2_31
10.325,9.6666,6.9679,4.3552,7.6379,3.8666,10.0621,4.4971,13.6868,5.8535,13.6403,9.4409,2_310
11.3048,10.5575,7.0976,4.2821,7.3716,3.7597,10.0779,4.3763,13.0775,5.5346,12.7906,9.7696,2_311
10.2554,9.6638,6.9431,4.3911,7.53,3.3599,9.7422,4.5646,14.0406,5.793,14.1333,9.583,2_312
11.0099,10.2113,6.7987,4.2435,7.3412,3.2267,9.7447,4.2169,14.2234,5.5239,13.9332,9.5265,2_313
10.3116,9.846,6.9953,4.1761,7.1239,3.222,10.0488,4.6759,14.2592,5.6843,14.005,9.6518,2_314
10.5345,10.1672,7.1842,4.4313,7.693,3.4834,10.1735,4.4144,13.5345,5.5607,13.1988,9.6246,2_315
11.1071,10.2916,7.0372,4.4292,7.4592,3.3741,9.3202,4.3816,13.3863,5.8149,13.4814,9.9171,2_32
10.6568,9.9726,7.0561,4.2722,7.6206,3.6678,10.0071,4.7622,13.2121,5.7984,13.1177,9.8564,2_33
10.7826,10.1245,6.9703,4.4106,7.6301,3.3918,9.675,4.3616,13.6414,5.801,13.5054,9.7058,2_34
9.9384,9.6461,7.128,4.5355,7.921,3.5987,9.8665,4.4421,14.0834,5.7886,13.8702,9.1813,2_35
10.5475,10.0654,7.2003,4.3502,7.3567,3.5937,9.5618,4.5452,13.9655,5.5245,13.7169,9.5725,2_36
10.2269,9.9645,7.312,4.5089,7.7931,3.9473,10.0677,4.3375,13.1787,5.718,13.2626,9.6828,2_37
10.392,10.0295,7.3422,4.4508,7.8058,3.8068,9.9486,4.4525,12.9681,5.5871,13.5514,9.6653,2_38
11.3568,10.52,7.2479,4.5133,7.3932,3.6257,9.3452,4.2314,13.1355,5.5777,13.2668,9.7864,2_39
11.598,10.5941,7.0056,4.1583,7.2074,3.3081,9.417,4.3995,13.4789,5.4426,13.6521,9.7385,2_40
10.4994,9.7907,6.9774,4.4461,7.8232,3.5788,9.6106,4.5518,13.7375,5.791,13.6181,9.5754,2_41
10.2536,9.9209,7.1894,4.3321,7.5087,3.6959,9.6556,4.5254,13.7224,5.7012,13.9427,9.5522,2_410
12.0449,11.1239,6.9446,4.2827,6.9398,3.1092,8.7986,3.9148,14.0167,5.3023,13.971,9.5513,2_411
10.754,9.6644,6.7051,4.2455,7.5594,3.0721,9.5355,4.1133,14.2065,5.7252,14.545,9.874,2_412
11.1378,10.317,6.7674,4.0942,7.0913,2.8958,9.5836,3.9094,14.6736,5.2271,14.5901,9.7128,2_413
11.0074,10.3328,6.8956,4.2371,7.4183,3.0318,9.4342,3.7758,13.9433,5.6504,14.5006,9.7728,2_414
12.112,10.7436,6.4819,3.915,6.994,2.9091,9.4227,3.8493,14.4977,5.2291,14.0197,9.826,2_415
11.7769,10.9617,6.8773,4.3682,7.1144,3.1041,9.2615,3.8833,13.7122,5.3295,13.7059,9.9051,2_416
11.9826,10.6573,6.9318,4.2666,7.0552,3.2911,9.2897,4.1009,13.0244,5.6673,13.5986,10.1346,2_42
11.1741,10.391,7.0676,4.3383,7.5429,3.5981,9.5455,4.2896,13.3579,5.5091,13.4572,9.7286,2_43
10.718,10.1187,6.7144,4.076,7.1402,3.1563,10.0463,4.4053,14.625,5.5532,14.1662,9.2803,2_44
10.6164,10.2686,7.1843,4.441,7.8846,3.4159,9.6351,3.9181,13.8366,5.5005,13.9356,9.3633,2_45
10.9585,10.6505,7.1542,4.5187,7.4925,3.2893,8.9769,4.1199,14.0206,5.5613,13.9272,9.3303,2_46
10.6949,10.3371,7.199,4.3194,7.2729,3.0983,9.4511,4.3734,14.4095,5.7053,13.6711,9.4681,2_47
11.8337,10.6216,6.727,4.256,7.4425,3.4077,9.2324,3.8601,13.4269,5.446,13.7515,9.9946,2_48
11.8395,10.5999,6.8961,4.2019,7.0881,3.2817,9.0104,3.9091,13.7542,5.3351,14.142,9.942,2_49
11.7636,10.7341,7.0689,4.2422,7.0732,3.0991,9.0527,4.1457,13.5008,5.3681,13.7281,10.2237,2_50
10.5858,9.9975,7.132,4.5395,7.7055,3.657,9.3626,4.3067,13.7158,5.568,13.7285,9.7012,2_51
11.6378,10.6748,7.0648,4.3486,7.1127,3.2245,9.4472,4.3083,13.4409,5.5475,13.3872,9.8059,2_510
9.8076,9.2468,6.9039,4.4066,7.8087,4.0676,10.5179,4.8103,13.5811,5.8546,13.6558,9.339,2_511
11.1355,10.5449,7.1241,4.2049,7.3591,3.3162,9.4547,4.1654,13.6655,5.4492,13.8571,9.7233,2_512
11.173,10.4894,7.0386,4.2817,7.2126,3.2624,9.5499,4.294,13.5328,5.432,13.7928,9.9409,2_513
11.0342,10.174,6.8812,4.3338,7.3929,3.2972,9.8211,4.2456,13.4867,5.5402,13.8506,9.9424,2_514
11.8798,10.4764,6.8346,4.1335,7.048,3.2269,9.3102,4.1523,13.4676,5.4072,13.8381,10.2254,2_52
10.8696,10.1954,7.1095,4.2417,7.4003,3.4184,9.7283,4.3344,13.303,5.7792,13.6502,9.97,2_53
11.4525,10.3604,6.8763,4.2408,7.0221,3.2265,9.5458,4.3786,13.7706,5.4807,13.5589,10.0869,2_54
12.1643,11.1566,7.2054,4.1507,7.1172,3.2227,8.9438,4.0877,12.9475,5.4355,13.4324,10.1363,2_55
10.984,10.1912,6.816,4.211,7.2985,3.1351,9.387,4.424,14.2255,5.7287,13.7657,9.8333,2_56
10.6672,10.1464,7.1238,4.2348,7.4633,3.1792,9.3617,4.226,13.9783,5.6511,14.1912,9.7769,2_57
11.2255,10.5694,7.1301,4.4472,7.2978,3.2534,9.1204,4.0973,13.5949,5.5554,13.9431,9.7656,2_58
11.1428,10.6869,7.2867,4.4203,7.2639,3.3337,9.2888,4.4393,13.3387,5.6018,13.2836,9.9138,2_59
10.8539,9.7798,6.1279,3.7028,6.9815,3.5303,11.9789,5.2884,14.0479,5.6672,12.4509,9.5904,3_10
10.9431,10.5112,6.8355,4.1642,7.1689,3.3612,10.6664,5.0428,13.6375,5.6844,12.5619,9.423,3_11
10.8363,10.0544,6.9679,4.1196,7.1929,3.7315,10.6619,5.3872,12.9871,5.6066,12.7883,9.6662,3_110
12.9325,11.4685,6.6761,3.9801,6.4982,3.1911,9.9368,4.7711,12.5109,5.4751,12.4413,10.1186,3_111
12.486,11.2338,6.6519,3.8906,6.4239,3.2391,10.1878,4.9003,13.17,5.7435,12.381,9.692,3_112
13.026,11.1031,6.5037,3.8829,6.6685,3.4094,9.8225,4.902,12.3178,5.8799,12.3816,10.1025,3_113
13.1281,11.1713,6.4452,3.7422,6.436,3.2963,10.2132,5.0062,12.1349,5.6271,12.4095,10.3901,3_114
13.0277,11.4648,6.4141,3.7767,6.4176,3.2027,10.0263,4.7007,13.0172,5.4095,12.6461,9.8967,3_115
12.8085,11.0381,6.3367,3.6371,6.4861,3.24,10.2706,5.0698,12.8577,5.7821,12.4238,10.0495,3_116
11.189,10.3617,7.0067,4.1238,7.2688,3.6676,10.0712,4.858,13.0551,5.9726,12.7252,9.7002,3_117
