15.1532,13.5571,7.6018,5.3601,6.8504,3.8984,9.1156,4.1189,11.4544,2.7462,11.2351,8.909,0
8.8397,8.2081,6.6544,4.7585,7.6542,5.5591,13.4954,7.051,12.8558,5.4431,10.9768,8.5038,1
15.8537,13.3016,6.9224,4.5247,5.6866,3.315,8.6843,4.2356,12.4282,2.8307,12.5014,9.7158,0
8.146,9.2504,8.0842,7.1562,10.4532,7.0784,10.9189,5.3201,9.2935,6.344,9.773,8.1822,3
15.9968,13.7124,7.2409,4.7951,5.9466,3.3679,8.4945,4.0473,11.9521,2.8133,11.9584,9.6746,0
8.4719,9.1858,7.9688,6.7638,9.9469,6.8489,10.9888,5.5673,9.6082,6.256,9.942,8.4516,3
9.1914,9.6228,7.2492,6.1888,9.6474,5.9823,13.0072,5.2833,11.7495,4.7641,10.5829,6.7309,5
15.1994,13.2644,7.3025,4.9564,6.1551,3.5144,8.7215,4.2184,12.3913,2.9572,12.2806,9.0389,0
10.6142,10.6486,7.4102,6.0128,8.185,4.8806,10.6483,4.9234,13.0261,4.7992,11.3119,7.5396,7
15.1416,13.3049,7.2787,4.8241,6.0281,3.4558,8.9886,4.3226,12.6745,2.8764,12.0238,9.0809,0
8.8855,10.927,9.3096,8.2676,10.6194,6.8878,9.2884,4.9488,8.6411,5.6789,8.7782,7.7679,8
9.4744,11.1954,8.6746,7.4328,10.0989,5.9667,9.84,4.3513,9.6185,5.9505,9.9109,7.4862,9
15.616,13.3328,7.0792,4.6561,5.7172,3.2531,8.6487,4.2534,12.8735,2.7788,12.4534,9.3378,0
10.1208,11.3295,8.3539,6.8166,9.7584,5.8798,12.2587,4.7718,10.4691,4.3579,9.2579,6.6256,10
9.3869,10.5682,8.2174,7.0146,9.8951,6.0094,10.3549,4.6943,9.7368,6.0693,10.1897,7.8634,9
15.1693,13.3533,7.3061,4.9228,6.1708,3.5207,9.0245,4.2471,12.4274,2.8978,11.8915,9.0686,0
9.03,10.9986,9.2307,8.1601,10.5608,6.7926,9.2025,4.8282,8.751,5.7203,8.9483,7.7768,8
9.7539,10.1551,7.3534,6.1012,9.3514,5.7669,12.7351,5.3314,11.9416,4.3988,10.3327,6.7786,5
15.4593,13.2695,7.123,4.663,5.8908,3.4618,8.704,4.3165,12.6561,2.8805,12.2918,9.2838,0
10.1455,11.4942,8.5594,7.1418,10.1444,6.0911,11.5536,4.5785,9.8756,4.4874,9.1779,6.7507,10
10.66,10.6991,7.4422,6.0612,8.2441,4.9044,10.7003,4.8704,12.811,4.7949,11.3013,7.511,7
7.8603,8.5173,8.1635,6.6208,9.7986,7.5912,11.95,6.1794,9.0852,6.2222,9.452,8.5596,11
8.0997,9.7967,8.3775,7.8263,11.2075,6.9796,11.3016,4.9051,8.8126,6.06,9.4032,7.2303,12
15.3673,13.3266,7.2842,4.8677,6.1594,3.5736,8.8604,4.2167,12.1796,2.8602,12.0681,9.2362,0
7.7436,8.2814,7.8818,6.1835,9.5525,7.2014,12.4932,6.1822,9.3989,6.4528,9.9084,8.7203,11
8.2206,10.1727,8.7231,8.1171,11.236,6.9663,10.8334,4.9234,8.6263,5.8468,9.1839,7.1505,12
15.5438,13.2835,7.1218,4.6951,5.8176,3.3945,8.365,4.1952,12.5365,3.0739,12.6525,9.3207,0
11.39,10.6681,7.1756,5.5822,7.6126,4.7347,10.2752,4.9821,12.632,4.8419,11.812,8.2936,0
10.5722,15.039,12.5398,11.4905,14.5107,7.3593,9.2304,3.1132,5.2224,1.6572,4.8342,4.4311,13
15.6558,13.3301,7.158,4.7454,6.0088,3.5226,8.3429,4.0907,11.928,3.0898,12.4007,9.7273,0
8.8907,12.0358,9.9343,9.0924,12.2103,7.0398,9.4558,3.7792,7.8266,5.4298,8.12,6.1853,14
10.4946,14.9541,12.484,11.4603,14.534,7.3796,9.3403,3.1491,5.2491,1.7033,4.8106,4.441,13
15.2812,12.9475,7.0081,4.5837,5.9265,3.5632,8.6373,4.3475,12.4351,3.231,12.6073,9.4316,0
8.5156,11.616,9.7602,9.122,12.4924,7.2154,9.9309,3.9013,7.7398,5.5253,8.0893,6.092,14
10.0429,14.5411,12.3436,11.5087,14.7899,7.4763,9.7088,3.2615,5.5675,1.7275,4.877,4.1552,13
15.733,13.5959,7.2263,4.6546,5.8261,3.411,8.5944,4.209,12.2778,2.8569,12.21,9.405,0
15.8702,13.5801,7.2139,4.6593,5.7298,3.3076,8.2056,4.1282,12.2529,2.9343,12.5062,9.6117,0
16.3934,14.4182,7.6042,4.7811,5.8402,3.4296,8.1295,3.9351,11.3879,2.764,11.4753,9.8417,0
9.1832,8.5653,6.821,4.9303,7.6867,5.4771,12.5968,6.8357,12.8806,5.3948,11.1194,8.5092,1
9.86,11.0962,8.2825,7.1591,10.5634,6.1762,11.7017,4.4453,9.6368,4.8419,9.5309,6.706,16
16.0148,13.901,7.3717,4.6635,5.7033,3.3,8.153,4.0642,12.143,2.9584,12.1866,9.5405,0
15.9807,13.9541,7.4469,4.7134,5.8705,3.4546,8.3101,4.0413,11.8339,2.9667,11.9151,9.5127,0
8.2644,10.4857,8.6874,8.4366,13.2355,7.8089,13.0416,4.6855,7.1514,4.6373,7.9196,5.6461,17
15.8225,13.776,7.3218,4.7076,5.827,3.427,8.329,4.1108,12.0896,2.9925,12.0843,9.5117,0
9.9654,11.1598,8.2741,7.1339,10.6284,6.2304,11.8078,4.3885,9.4755,4.7563,9.4137,6.7659,16
16.1638,13.7465,7.1808,4.5813,5.7367,3.334,8.1992,4.027,11.7903,2.9698,12.3476,9.9228,0
15.8167,13.4158,7.1238,4.5874,5.7556,3.3927,8.2055,4.0947,11.9355,3.1935,12.5813,9.8975,0
9.5427,11.0698,8.5196,7.5417,11.1953,6.5286,11.7492,4.3305,9.1984,4.7336,9.1337,6.4569,16
15.6746,13.6829,7.3771,4.7259,5.8602,3.4598,8.315,4.1469,12.0023,3.0777,12.1737,9.504,0
7.1132,8.6988,7.7133,7.2628,11.6025,7.5106,12.4471,5.0579,8.8601,6.6655,9.7918,7.2763,18
16.7235,13.893,7.044,4.4036,5.4376,3.205,7.7779,3.8949,11.5876,3.0754,12.4676,10.4899,0
7.0803,8.7049,7.7494,7.2933,11.5176,7.5112,12.3331,5.0341,8.8862,6.7543,9.8631,7.2724,18
15.06,13.021,7.1007,4.6403,5.7907,3.4197,8.517,4.2725,13.009,3.3249,12.758,9.0862,0
9.6844,12.6351,9.9745,8.7239,11.7484,6.9182,9.5252,3.4321,7.5122,5.0696,8.1219,6.6544,19
16.194,13.9463,7.3359,4.6648,5.7046,3.3378,8.0856,4.0229,11.9745,2.9408,12.1437,9.6491,0
9.9048,13.5223,10.723,9.5597,12.3901,6.8689,9.0632,3.2373,7.1311,4.5227,7.4071,5.6699,19
15.3337,13.2167,7.2113,4.7673,5.9868,3.5432,8.3253,4.1387,12.2901,3.2825,12.5211,9.3832,0
10.1694,13.283,10.366,8.9928,11.801,6.7717,9.2891,3.4359,7.3052,4.5733,7.709,6.3036,19
15.4269,13.1092,7.0365,4.5928,5.7804,3.4478,8.5143,4.2401,12.5541,3.151,12.6562,9.4909,0
16.1112,13.3529,6.8718,4.3034,5.3688,3.1551,8.0128,4.1197,12.593,3.1527,13.0469,9.9117,0
10.9629,10.4089,7.1839,5.6442,7.8479,4.8858,10.5976,5.1303,12.6353,4.9517,11.5659,8.1856,0
9.7261,10.7376,8.4473,6.7727,9.2606,6.1155,9.6805,4.9034,9.603,6.1436,10.0447,8.565,25
9.8434,10.7731,8.4828,6.9368,9.2723,6.2283,9.4627,4.9888,9.5359,5.939,9.9538,8.5831,25
9.9538,10.9057,8.6166,6.8702,9.2464,6.3168,9.5266,5.0926,9.3206,5.8296,9.7286,8.5924,25
10.0218,10.9396,8.4972,6.746,9.0868,6.1145,9.4531,4.9082,9.5887,5.955,10.0326,8.6565,25
10.0032,10.8949,8.6013,6.8277,9.1382,6.2861,9.4184,5.1129,9.4198,5.9029,9.7757,8.6189,25
9.5693,11.7139,9.115,7.7868,10.8451,6.3219,9.8843,3.7852,8.9565,5.5712,9.3947,7.0561,26
9.9155,11.6519,8.8071,7.4605,10.5066,6.1664,9.8421,3.9106,9.1532,5.6159,9.6377,7.3325,26
9.2401,11.3651,9.0166,7.7458,10.9544,6.3801,10.1422,3.8604,9.0588,5.725,9.4916,7.0197,26
9.62,11.5267,8.8709,7.5305,10.7405,6.3473,10.2121,3.9392,9.0706,5.5437,9.4522,7.1463,26
9.4516,11.3396,8.846,7.4426,10.5045,6.2886,10.0665,4.0204,9.2139,5.8022,9.6128,7.4115,26
9.8056,11.3828,8.5749,7.1165,10.1193,6.0614,10.6132,4.1966,9.4354,5.5908,9.7001,7.4034,37
10.0586,11.7554,8.8209,7.2585,10.1127,6.0072,10.3576,4.0887,9.3602,5.377,9.5838,7.2196,37
10.1469,12.1387,9.1069,7.5144,10.2316,6.0126,10.0236,3.8698,9.2335,5.3255,9.3304,7.0661,37
10.6266,12.2637,8.9879,7.2181,9.6543,5.6773,9.5467,3.8111,9.5726,5.4786,9.5713,7.5919,37
10.4297,12.3636,9.1199,7.4566,10.1111,5.8708,9.9134,3.7334,9.2673,5.2635,9.3557,7.115,37
16.0368,13.4858,7.1179,4.6453,5.8523,3.4199,8.1763,4.1096,12.0414,2.8584,12.5382,9.7183,0
16.4264,13.3075,6.7593,4.1648,5.3472,3.2209,8.0281,4.1625,12.189,3.0071,13.0476,10.3397,0
16.9342,13.5831,6.7082,4.1011,5.2415,3.1651,7.7799,4.0014,11.7166,2.9666,12.9684,10.8338,0
16.7009,13.2533,6.6108,4.1334,5.3735,3.216,7.8038,4.0117,11.7631,3.1149,13.2293,10.7893,0
16.8322,12.9052,6.1811,3.86,5.106,3.0643,8.1401,4.2109,12.5644,2.9771,13.4249,10.7339,0
11.1806,10.7571,7.0795,5.8147,8.4316,4.754,11.8366,5.0617,12.3603,4.1407,11.1662,7.417,58
11.1436,10.9081,7.3451,5.9941,8.4652,4.6689,11.3453,5.0328,12.4708,4.1,11.1747,7.3513,58
10.5133,10.2853,7.1689,5.8693,8.4989,4.8071,11.9926,5.3766,12.4651,4.3943,11.3023,7.3263,58
10.6082,10.2486,7.1552,5.7447,8.2416,4.7199,11.5924,5.3788,12.9502,4.3956,11.5014,7.4633,58
8.0297,9.4184,7.7624,7.0195,11.3215,6.9713,12.9023,4.9736,9.1325,5.9423,9.6882,6.8384,59
7.8673,9.3481,7.8027,7.1043,11.5416,7.1744,13.0566,5.0316,9.026,5.8761,9.558,6.6133,59
7.7968,9.413,7.8682,7.2266,11.7896,7.2613,13.2866,4.9873,8.9049,5.7558,9.3432,6.3668,59
7.8895,9.374,7.8065,7.1027,11.4346,7.1914,12.8549,4.994,8.9432,6.0616,9.6118,6.7357,59
9.3603,10.5674,8.5363,7.0117,9.5271,6.2561,9.96,5.0385,9.7045,5.9855,9.8765,8.176,60
9.5383,10.5662,8.3441,6.7781,9.4582,6.1183,10.3188,5.0324,9.9652,5.8627,9.9874,8.0302,60
9.222,10.4269,8.337,6.864,9.625,6.1316,10.5762,4.9194,9.8986,5.997,10.0553,7.9471,60
9.3646,10.6538,8.5847,7.044,9.5789,6.261,9.9803,5.0218,9.7002,5.923,9.7772,8.1104,60
9.0792,10.6993,8.4048,7.3863,10.9709,6.6952,11.4455,4.5403,9.0697,5.4497,9.401,6.8581,61
8.7901,10.316,8.1919,7.2088,10.8459,6.7174,11.5125,4.5903,9.1221,5.8548,9.6372,7.2129,61
8.7153,10.3219,8.2845,7.3377,11.0796,6.8163,11.589,4.5767,8.9587,5.8098,9.4704,7.04,61
8.9078,10.948,8.8264,7.979,11.523,7.0926,11.0598,4.4219,8.3597,5.4624,8.8038,6.6158,61
9.6157,10.926,8.9166,7.2062,9.4766,6.5038,9.8611,5.292,8.9957,5.6956,9.196,8.3147,62
9.5622,10.4039,8.3422,6.7439,9.3458,6.4445,10.661,5.5341,9.2133,5.7542,9.5416,8.4534,62
10.031,10.7656,8.4145,6.6201,9.028,6.1852,10.4186,5.4375,9.3792,5.5781,9.5448,8.5974,62
10.9629,11.3451,7.8808,6.2681,8.8582,5.3201,11.2621,4.666,10.7834,4.9212,9.9329,7.7991,63
11.1733,11.2502,7.7086,6.0554,8.6085,5.2515,11.1463,4.8193,10.9993,4.9151,10.0673,8.0052,63
10.915,11.1671,7.765,6.1885,8.7411,5.3336,11.3985,4.881,10.9446,4.9072,9.9321,7.8264,63
8.9749,9.2523,7.6703,6.125,9.0803,6.1733,11.4985,5.6334,9.9801,6.2699,10.4691,8.873,64
8.8709,9.1906,7.6214,6.1924,9.2418,6.2221,11.5239,5.547,9.8459,6.3437,10.5518,8.8485,64
8.759,9.0934,7.734,6.1297,9.0533,6.171,11.6925,5.8079,10.0762,6.2133,10.4374,8.8322,64
8.6717,9.2505,7.9366,6.3856,9.3038,6.3866,11.5162,5.7051,9.8054,6.226,10.1049,8.7075,64
16.4102,12.8175,6.3577,3.9792,5.3183,3.2021,8.1816,4.2002,12.0767,3.1832,13.3795,10.8939,0
10.3477,9.8719,7.6076,5.3863,7.7136,5.2696,11.0047,6.471,10.6063,5.7823,10.4146,9.5244,65
10.6011,10.0583,7.4372,5.2332,7.4973,5.0929,11.004,6.4339,10.9729,5.6493,10.4356,9.5842,65
15.4187,12.208,6.3836,4.0972,5.3563,3.2694,8.2102,4.4055,13.2023,3.5089,13.8329,10.1068,0
15.7694,12.7689,6.6736,4.2397,5.4935,3.407,7.8581,4.1303,12.1697,3.6997,13.2953,10.4948,0
16.2608,12.8259,6.5175,4.0219,5.2105,3.2331,7.6427,4.1065,11.9749,3.6875,13.4776,11.041,0
16.2777,12.6034,6.2066,3.7905,5.047,3.1273,8.0667,4.2935,12.7037,3.4466,13.7481,10.689,0
16.0988,12.7659,6.5166,4.1259,5.4004,3.3479,7.6834,4.0798,12.1933,3.6973,13.4632,10.6275,0
15.5995,12.2136,6.2568,4.0005,5.302,3.3047,8.1527,4.3613,12.9018,3.723,13.7836,10.4006,0
15.5738,12.1365,6.206,3.948,5.3497,3.2825,8.3104,4.339,12.9329,3.6618,13.8451,10.4144,0
15.4903,12.4037,6.5606,4.2094,5.4946,3.4468,7.9581,4.2672,12.5543,3.7572,13.4862,10.3715,0
15.3639,12.003,6.1994,3.9882,5.3033,3.3154,8.1776,4.4019,13.0972,3.8642,14.013,10.2731,0
15.2833,11.8886,6.2148,4.0492,5.4322,3.4935,8.1306,4.5261,12.8287,4.0784,13.6668,10.4079,0
14.9644,12.3315,6.6298,4.2995,5.5741,3.4953,8.3688,4.4462,13.1497,3.8432,13.2839,9.6136,0
15.6718,12.4915,6.4184,4.0986,5.4259,3.3459,8.2765,4.3234,12.773,3.6173,13.2304,10.3274,0
14.9502,11.9976,6.3449,4.0608,5.4531,3.3391,8.7744,4.6378,13.7101,3.5283,13.5312,9.6724,0
14.6555,11.9777,6.5468,4.2773,5.6067,3.5344,8.5188,4.6207,13.4287,3.8453,13.3794,9.6087,0
14.9255,12.0462,6.4607,4.1361,5.4983,3.525,8.5424,4.5476,13.1741,3.922,13.3414,9.8807,0
14.6423,11.6555,6.2592,4.0937,5.5038,3.5183,8.6891,4.6682,13.594,3.9328,13.685,9.7581,0
15.0779,11.5634,5.9691,3.7604,5.1181,3.3655,8.4962,4.6958,13.6091,3.9909,14.1492,10.2044,0
14.8584,11.3875,5.894,3.6902,5.036,3.3034,8.652,4.8444,13.9917,4.0837,14.2354,10.0234,0
14.5915,11.6418,6.2729,4.0879,5.3746,3.4584,8.4478,4.6636,13.6705,4.0879,13.9595,9.7436,0
15.1648,11.9418,6.1977,3.8415,5.0616,3.1915,8.2622,4.5483,13.8453,3.9722,14.0291,9.9441,0
15.3758,12.139,6.286,3.9158,5.0634,3.2432,7.9975,4.4615,13.2317,4.0295,13.8385,10.4182,0
15.093,11.6895,6.0784,3.8734,5.1458,3.3074,8.3648,4.6122,13.5414,4.1229,13.9906,10.1806,0
16.0548,12.8643,6.4308,3.9581,5.1336,3.1464,8.0991,4.1478,13.039,3.6861,13.097,10.3431,0
15.5072,12.8916,6.73,4.3478,5.4129,3.2025,8.1014,4.1135,13.1032,3.5819,13.3258,9.6823,0
8.0804,9.8441,8.3515,7.5671,11.0964,7.1676,11.3075,4.831,8.8108,6.0688,9.3675,7.5072,66
8.4065,10.383,8.7077,7.8761,11.0921,7.0424,10.6448,4.6855,8.804,5.8702,9.1773,7.3106,66
9.5565,12.3368,9.6232,8.5635,11.5088,6.7149,9.3746,3.8515,8.3096,5.2833,8.4814,6.3961,81
10.4488,10.3064,7.4256,5.9416,8.7404,5.1907,10.6131,4.8003,10.7938,5.864,11.1844,8.6909,84
11.1902,10.7926,7.5518,5.4366,7.4843,5.0548,10.2686,5.2483,11.3415,5.4924,11.2085,8.9303,85
10.2138,10.5908,8.0714,6.5528,8.9053,5.7194,9.7934,4.9582,10.1809,5.8851,10.4665,8.6625,84
11.9173,11.5765,7.6867,5.5243,7.4275,4.9116,9.6105,4.8365,11.1785,5.1958,11.1802,8.9546,85
11.5596,11.3185,7.6853,5.6463,7.675,5.0519,9.7789,4.9421,11.0316,5.3636,11.1068,8.8404,85
11.2318,11.025,7.7449,5.6127,7.6107,5.1,10.024,5.1575,10.9865,5.4554,11.112,8.9395,85
11.2605,10.9982,7.6316,5.5995,7.5406,4.9685,10.1659,5.2025,11.2977,5.3885,11.1214,8.825,85
9.2998,10.9798,8.9409,7.541,9.8272,6.6316,9.423,4.7436,9.3092,5.8178,9.4742,8.0119,87
8.9702,10.9726,8.958,7.7814,10.3531,6.6415,9.4375,4.456,9.2481,5.9466,9.4893,7.7459,87
8.8739,10.6926,8.8003,7.6652,10.3351,6.8219,9.7064,4.6653,9.1978,5.9312,9.4705,7.8399,87
7.6583,9.2078,8.3488,7.643,11.0396,7.5071,11.1094,5.3624,8.7967,6.2837,9.266,7.7772,88
7.7259,9.0529,8.2557,7.4103,10.7521,7.5768,11.2583,5.5873,8.795,6.2786,9.2925,8.0146,88
7.1513,9.2845,8.4194,7.9545,11.8055,7.3808,11.2637,4.763,8.7706,6.5733,9.4265,7.207,88
8.4774,10.8407,8.974,8.3168,11.4432,6.7412,10.2675,4.3743,8.7885,5.8378,9.0788,6.8598,89
8.1369,10.363,8.8056,8.3029,11.4015,6.9186,10.2313,4.6681,8.8727,6.0465,9.2169,7.0358,89
8.5399,11.2256,9.371,8.6654,11.5035,6.6802,9.5928,4.1564,8.7519,5.8242,8.9687,6.7205,89
9.2592,9.8816,8.1049,6.3462,9.2952,6.4006,10.6688,5.365,9.6524,6.2449,10.0586,8.7225,90
9.0977,9.9294,8.2323,6.6235,9.5865,6.7072,10.6777,5.3189,9.304,6.1865,9.7848,8.5515,90
9.315,9.769,7.5943,5.9735,9.1033,5.8737,11.8696,5.4385,10.2351,6.0499,10.3525,8.4256,90
7.6747,10.1436,8.6738,8.6964,13.8157,8.0754,13.5325,4.6949,7.0196,4.7374,7.7926,5.1434,17
7.9196,10.3748,8.8406,8.7412,13.674,8.1453,13.2543,4.7329,6.8494,4.4996,7.539,5.4294,17
10.3621,9.8409,7.3639,5.4136,8.0266,4.9815,10.7317,5.5484,11.2867,6.0548,11.2298,9.1599,91
10.27,9.2124,6.9612,4.8585,7.3489,4.3426,10.8916,6.2824,12.8301,5.8341,11.9515,9.2168,91
12.7393,12.4647,8.073,6.251,8.8539,5.206,10.4204,4.296,10.0285,3.6641,9.9797,8.0234,92
12.8689,12.3919,7.9058,6.0252,8.6728,5.172,10.2975,4.3,9.8909,3.9521,10.1505,8.3723,92
12.4219,12.9664,8.5503,6.8333,9.7414,5.5888,10.0654,3.8688,8.7746,4.1728,9.1959,7.8204,92
9.7852,13.6468,11.212,9.8177,11.9366,6.6995,7.8977,3.2378,7.5982,4.751,7.6155,5.8022,93
9.7007,13.5407,11.1739,9.8108,11.9061,6.6782,7.8374,3.1987,7.6857,4.8671,7.6838,5.9168,93
10.1343,14.3139,11.668,10.1513,12.1437,6.679,7.6246,3.0069,7.1833,4.3374,7.1185,5.6391,93
8.5833,9.2131,7.3428,6.3012,9.5329,6.1869,13.2902,5.6707,10.9655,5.4612,9.9445,7.5076,94
8.5754,9.0147,7.1532,6.0717,9.1993,5.9798,13.4149,5.8064,11.4844,5.4691,10.2355,7.5955,94
8.462,8.8855,6.9998,5.9614,9.1653,5.9432,13.9977,5.7054,11.7303,5.4163,10.3539,7.3792,94
10.6393,12.936,10.0596,8.3308,10.645,6.4423,9.5281,3.9635,8.0559,4.2722,8.2713,6.8562,95
11.7886,15.2702,11.1668,8.8603,10.4553,5.8032,7.801,3.0094,7.9455,4.0235,7.4835,6.3926,95
11.3969,10.1246,6.3855,4.5879,8.1305,5.0291,13.5149,5.3473,11.5739,4.4765,11.1448,8.2881,102
12.7115,10.1895,5.8821,3.9869,5.9206,3.5655,11.5273,5.7294,13.6739,4.7118,12.4063,9.695,102
15.5672,13.3846,7.1607,4.5415,5.7378,3.7052,8.242,4.4273,12.2416,3.6217,11.5361,9.8345,107
15.1514,12.8306,6.989,4.547,5.7892,3.7103,8.2975,4.572,12.5249,3.7795,12.0818,9.7269,107
14.8975,12.8083,7.0304,4.5042,5.7027,3.7296,8.5484,4.7414,12.7725,3.8086,11.8187,9.6376,107
15.5572,13.1001,6.9765,4.4103,5.5795,3.6336,8.2028,4.5504,12.3469,3.6487,11.97,10.0241,107
9.0498,9.7911,7.4179,6.1965,9.7589,6.1139,12.9061,5.0977,10.193,5.5581,10.3258,7.5912,108
8.8022,9.4508,7.1121,6.1217,9.997,6.2676,13.7621,5.2643,10.1807,5.4199,10.3932,7.2283,108
9.2889,10.1317,7.5416,6.653,10.7625,6.6099,13.5828,5.0206,9.4212,4.7398,9.5981,6.6498,108
9.9116,10.7485,7.7475,6.5659,10.3533,6.2998,13.1591,4.9221,9.5817,4.5222,9.3912,6.7971,108
9.7208,9.6818,7.2679,5.6303,8.6546,5.8041,12.0507,5.5162,10.4125,5.8936,10.7128,8.6546,109
9.8949,9.9433,7.3452,5.7876,8.7491,5.7621,11.9659,5.3644,10.2713,5.7471,10.5503,8.6188,109
10.0398,9.8728,7.3914,5.5976,8.4073,5.692,11.5805,5.6547,10.5173,5.7615,10.6227,8.8624,109
9.792,9.3223,6.9694,5.1593,7.9569,5.4112,12.7026,6.0553,10.9694,5.8161,10.8687,8.9767,109
9.8911,9.28,6.8464,4.8691,7.1677,4.7579,12.362,6.3752,12.5135,5.7476,11.3018,8.8877,110
9.8237,9.0519,6.6486,4.7843,7.1234,4.8104,12.6876,6.5506,12.7877,5.5511,11.2823,8.8984,110
9.9679,9.2382,6.7013,4.8613,7.4043,4.8477,12.5535,6.1299,12.2789,5.6881,11.4649,8.8641,110
9.144,8.6973,6.9877,4.9632,7.5128,5.0274,12.6619,6.6963,12.0873,6.016,11.2255,8.9805,110
10.3543,10.3571,7.5905,6.0048,8.2694,5.0083,10.1142,4.9687,11.7359,5.677,11.2395,8.6802,111
10.0427,10.2527,7.68,6.0638,8.3497,5.0654,10.2913,5.1521,11.7176,5.723,11.0871,8.5746,111
10.2009,10.2872,7.6729,5.9677,8.207,5.096,10.3402,5.3031,11.6365,5.6528,10.9981,8.6374,111
10.1914,10.3037,7.695,5.9566,8.2033,5.0731,10.3568,5.3013,11.3438,5.841,10.9052,8.8287,111
10.0684,10.0382,7.4052,5.8252,8.3511,5.4748,11.6648,5.6068,11.4078,5.2919,10.6112,8.2546,112
10.1703,9.8076,7.213,5.639,8.1797,5.467,11.7626,5.736,11.6305,5.2546,10.7693,8.3705,112
10.1003,9.9302,7.3896,5.8449,8.3608,5.5607,11.3684,5.655,11.333,5.3476,10.6865,8.423,112
9.9903,9.6625,7.2674,5.7658,8.3743,5.6056,11.6216,5.7569,11.3793,5.321,10.8553,8.3998,112
11.0264,10.2178,6.974,5.1932,7.5418,4.9843,11.8009,5.5438,12.7993,4.5648,11.3701,7.9838,113
11.2433,10.5951,7.1888,5.3719,7.8352,5.2884,11.6771,5.5392,12.1301,4.3651,10.8628,7.903,113
10.7969,10.4892,7.2134,5.3902,7.7804,4.9887,11.9054,5.348,12.6124,4.7371,10.9408,7.7975,113
10.9944,10.6948,7.3388,5.4343,7.9185,5.15,11.6534,5.226,11.7089,4.865,10.7598,8.256,113
8.2505,8.8144,7.5855,5.9444,9.1441,6.1567,12.2496,5.8652,10.1874,6.5018,10.5387,8.7618,114
8.232,8.8121,7.6447,5.8683,9.0248,6.0708,12.3714,6.0156,10.3383,6.4368,10.4392,8.7459,114
8.1373,8.5911,7.6121,5.8347,9.0521,6.2757,12.4939,6.0811,10.1534,6.4856,10.4538,8.8291,114
7.8411,8.4552,7.7716,6.0009,9.2344,6.3682,12.4853,6.0582,10.0831,6.5184,10.3405,8.8432,114
13.93,12.8778,7.5691,5.5564,8.1229,4.8464,10.7972,4.4505,10.0898,3.0912,10.0323,8.6364,117
15.0877,12.8539,6.8868,4.9745,7.3687,4.3677,10.8723,4.7737,11.0206,3.342,10.076,8.3761,117
13.9057,12.4919,7.1842,5.1123,7.4837,4.4276,10.7318,4.5823,11.1516,3.3583,10.786,8.7845,117
13.7239,12.5292,7.3077,5.3651,7.7751,4.5719,11.0364,4.5209,11.0904,3.1087,10.5408,8.4299,117
10.1763,12.1137,9.4565,8.0614,10.1679,6.1604,8.3792,4.2291,9.0845,5.4838,9.2709,7.4164,118
10.2288,12.0731,9.3145,7.9274,10.1717,6.1915,8.4788,4.267,9.0862,5.4661,9.2914,7.5036,118
10.0695,12.1352,9.4611,8.0815,10.2525,6.1849,8.4902,4.2739,9.0681,5.4587,9.1716,7.3528,118
10.4901,12.54,9.6726,8.1355,10.1107,5.9951,8.0572,4.0272,9.0219,5.3624,9.1813,7.4059,118
10.0796,11.7522,9.1723,7.7848,9.876,6.2153,8.5225,4.5396,9.2364,5.6257,9.4525,7.7431,118
9.3129,8.844,7.1462,5.3096,7.8691,5.2608,11.5301,6.4734,12.5368,5.7312,11.2453,8.7406,119
9.3168,9.859,7.5902,6.1823,9.0652,5.8857,11.8992,5.427,10.8718,5.6596,10.1719,8.0713,121
9.1791,9.6127,7.2119,6.0626,9.3252,5.6935,13.6585,5.362,11.7518,4.9227,10.1928,7.0272,121
9.7291,12.2344,9.5896,8.3521,10.9554,6.3137,9.459,3.8772,8.8013,5.2609,8.8289,6.5984,123
11.2406,10.4588,7.3587,5.4349,7.4437,4.8143,10.926,5.9053,10.7527,5.4118,10.6595,9.5936,124
9.2785,10.5814,8.2553,7.1666,10.6162,6.5901,12.3053,5.0192,9.4542,4.8146,8.9387,6.9801,125
10.1487,9.4353,6.7763,5.146,8.0361,5.3812,12.6273,5.9262,12.3024,5.0416,11.175,8.0041,126
16.8852,16.5818,8.8196,5.0986,5.6133,3.2387,7.3587,3.3566,10.6798,3.2749,9.2627,9.8301,127
9.4353,8.7136,6.0507,4.9156,8.1391,4.8422,15.5193,6.5604,13.446,4.1431,10.8896,7.3451,128
9.7911,12.3086,9.5577,8.2922,10.976,6.2783,9.4746,3.7219,8.8646,5.2581,8.8979,6.5791,123
7.4341,8.0952,6.9539,5.8258,9.9614,6.46,15.4732,6.1391,10.3464,5.8764,9.8322,7.6021,129
9.3929,12.6612,10.2984,8.9943,11.0493,6.2343,7.7416,3.4815,8.7785,5.7377,8.6519,6.9785,130
10.6016,9.7377,6.7461,5.11,7.8887,5.1889,12.444,5.7565,12.6176,4.7144,11.3256,7.8689,126
10.3012,10.99,8.0979,6.5852,9.4962,5.9685,10.3436,4.4919,9.5041,5.8722,9.9495,8.3997,131
8.8199,11.3312,9.5154,8.7648,11.4809,6.7924,8.9947,4.4224,8.4277,5.7187,8.6554,7.0765,132
11.0508,10.208,7.5269,5.4933,7.5219,5.1306,10.6059,6.1221,10.5489,5.4886,10.6553,9.6476,124
17.7728,16.7257,8.3719,4.5124,5.0991,2.9563,7.2182,3.3368,11.093,3.1677,9.4821,10.2639,127
8.0485,9.6345,8.1349,7.4524,11.3594,7.1402,12.506,5.0314,8.9108,5.6321,9.126,7.0238,125
9.6382,12.4561,10.0625,8.6643,10.5282,6.239,7.9745,3.93,8.9023,5.587,8.7399,7.2779,130
13.5459,14.1404,9.216,6.7275,8.2257,4.7777,8.0313,3.6049,9.2524,4.2413,9.5862,8.6508,133
10.4557,11.2083,8.2232,6.598,9.3,5.8893,10.0768,4.4978,9.5972,5.8012,9.9603,8.3923,131
9.4356,8.5908,6.1147,4.7916,7.998,4.8431,14.9198,6.6081,13.0246,4.6199,11.0787,7.975,128
10.8777,10.2755,7.5056,5.5322,7.5794,5.0499,10.8207,6.0154,10.7133,5.5373,10.6082,9.4849,124
9.8822,12.9766,10.3578,8.8548,10.6495,6.0127,7.5392,3.5062,8.8876,5.5737,8.6718,7.088,130
8.8405,11.3694,9.5842,8.8482,11.4717,6.7969,8.9563,4.4761,8.3717,5.6386,8.5782,7.0684,132
9.1375,10.7595,8.5663,7.4162,10.2861,6.3939,10.1825,4.5816,9.4912,5.926,9.7125,7.5467,134
9.0913,10.8325,8.6609,7.58,10.6194,6.4606,10.3068,4.3771,9.3137,5.8346,9.6006,7.3224,134
8.5659,9.8062,7.9871,7.0487,10.5458,6.7167,12.6074,5.2622,9.86,5.2421,9.1987,7.1592,125
9.9065,12.3742,9.5601,8.2968,10.9898,6.3503,9.508,3.7813,8.7377,5.1484,8.7704,6.5765,123
12.8649,13.3611,8.8516,6.6968,8.5821,5.1059,8.5282,3.7124,9.2366,4.6336,9.779,8.6477,133
10.4797,9.6799,6.8864,5.3241,8.0254,5.2986,12.0704,5.7391,12.266,4.9058,11.2817,8.0429,126
9.1805,9.5695,7.5022,6.3696,9.9269,6.5344,12.8436,5.5047,9.5364,5.7795,9.5028,7.7498,135
9.3298,9.6137,7.4961,6.4221,10.1179,6.6036,12.7381,5.477,9.3138,5.8342,9.3581,7.6956,135
10.5035,9.3337,6.8422,4.8997,7.3907,4.6022,11.0728,6.0316,12.5135,5.7155,11.8825,9.2121,139
10.7,10.8366,8.1602,5.9193,8.0707,5.2354,10.0562,5.3207,10.278,5.8125,10.3605,9.2498,140
9.996,9.2203,7.2563,4.9861,7.6576,4.9125,10.9557,6.2541,12.0233,5.9749,11.5295,9.2337,139
9.6703,10.5266,8.3596,6.532,8.9406,5.7235,10.3133,5.1655,10.05,5.9621,10.1382,8.6184,140
8.4187,8.75,7.1184,5.7082,8.5982,5.5181,13.1758,6.3101,11.9146,5.8642,10.4708,8.1529,150
9.6162,13.2458,10.8409,9.6042,11.9855,6.4624,8.0377,3.0033,7.9672,5.1874,8.1964,5.853,151
7.727,9.3315,8.2353,7.642,11.277,7.2675,11.5381,5.2413,8.6951,6.1957,9.3604,7.489,152
9.8201,13.3045,10.5943,9.166,11.2405,6.3727,8.407,3.4707,8.1176,5.0189,8.0379,6.4498,153
9.5179,12.1177,9.7083,8.6547,11.3497,6.6239,9.5592,3.8702,8.2573,5.225,8.449,6.6671,154
14.9028,12.0944,6.1472,3.7506,4.9178,2.9193,8.7575,5.1913,15.4439,4.6284,11.5398,9.7071,155
8.0656,8.3154,7.0441,5.6357,8.5678,5.7282,13.4326,6.7679,11.8411,5.9427,10.3547,8.3043,150
9.4615,13.0196,10.7695,9.5662,11.8807,6.4681,7.9058,3.0557,8.2038,5.302,8.3279,6.0391,151
7.6032,9.2556,8.2412,7.6553,11.2661,7.3585,11.5435,5.2323,8.7327,6.2644,9.3383,7.5089,152
9.6305,13.2461,10.6868,9.26,11.3274,6.4147,8.352,3.4098,8.1392,5.1155,8.0626,6.3555,153
9.2217,11.776,9.6238,8.6675,11.5115,6.8525,9.8726,4.1037,8.1562,5.2318,8.3794,6.6031,154
14.7802,11.7538,5.8546,3.5197,4.6283,2.7286,9.0095,5.3055,16.4931,4.3687,12.0172,9.5407,155
8.2503,8.5872,7.1959,5.6594,8.5349,5.6453,13.1028,6.4958,11.579,6.066,10.4421,8.4413,150
9.4565,12.9324,10.7637,9.5943,11.9679,6.5937,8.2024,3.2638,8.049,5.1659,8.1709,5.8394,151
7.7923,9.643,8.3738,7.8497,11.3558,7.1485,11.2518,4.9958,8.8049,6.1772,9.3025,7.3049,152
10.6492,14.8994,11.7982,10.2075,12.2496,6.6832,8.2376,2.9445,6.6626,3.7259,6.6073,5.3351,153
9.2441,11.8443,9.6769,8.7146,11.5572,6.7759,9.8616,3.9848,8.232,5.2082,8.3947,6.5057,154
14.7214,11.8986,6.0375,3.7149,4.8079,2.8904,8.8255,5.2153,15.7754,4.5437,11.8596,9.7097,155
7.9576,8.1922,6.9658,5.5989,8.633,5.6587,13.4929,6.6435,12.1131,6.0026,10.5456,8.196,150
9.7762,13.3755,10.8708,9.4367,11.399,6.278,7.784,3.0528,8.3003,5.2816,8.2516,6.1935,151
7.7395,9.1703,8.3465,7.6533,11.0047,7.4542,11.2375,5.6004,8.6388,6.1239,9.1903,7.8407,152
9.5929,12.6873,10.2685,8.8372,10.7835,6.337,8.5059,3.9687,8.4803,5.2651,8.4606,6.8128,153
9.1033,11.8191,9.7758,8.766,11.3269,6.8165,9.4565,4.184,8.2557,5.3895,8.3961,6.7107,154
7.9917,8.3705,7.1864,5.7242,8.7298,5.7338,13.1448,6.616,11.7863,6.0577,10.3801,8.2787,150
9.5175,12.9729,10.7652,9.5024,11.7987,6.5633,8.0863,3.2252,8.1463,5.165,8.2809,5.9764,151
7.7364,9.2742,8.2623,7.6105,11.1136,7.2938,11.3517,5.3676,8.7863,6.1898,9.3385,7.6752,152
9.5815,12.9825,10.4532,9.068,11.1863,6.4109,8.5753,3.5514,8.2165,5.2319,8.2324,6.5102,153
9.1215,11.9022,9.7732,8.7679,11.3184,6.705,9.4403,3.9574,8.349,5.4605,8.549,6.6556,154
14.7573,11.8948,6.0484,3.6951,4.7633,2.8328,8.7228,5.2194,15.7076,4.6199,12.0254,9.7133,155
9.0868,9.3539,7.145,5.6849,8.3614,5.2704,12.596,5.824,12.2996,5.7248,10.6103,8.0428,150
9.816,13.2165,10.6567,9.2553,11.1195,6.1939,7.741,3.2151,8.4943,5.3215,8.3907,6.5795,151
7.8287,9.2293,8.3211,7.5935,10.9412,7.3826,11.2253,5.495,8.7904,6.0868,9.2886,7.8174,152
10.7397,15.0861,11.9178,10.347,12.4954,6.7032,8.32,2.8737,6.4068,3.4725,6.3857,5.2521,153
8.9081,11.4266,9.5367,8.6524,11.2904,6.8918,9.6222,4.4185,8.3264,5.4965,8.5515,6.8788,154
15.3088,12.4744,6.1968,3.6893,4.613,2.7286,8.3544,4.8268,15.765,4.2388,12.1969,9.6071,155
8.8575,8.914,6.973,5.4508,8.2212,5.3529,13.0506,6.2793,12.2379,5.7979,10.6044,8.2605,150
9.9413,13.6568,11.0546,9.5524,11.3076,6.1854,7.4977,3.0038,8.2265,5.1908,8.1112,6.2718,151
7.7444,9.1332,8.2574,7.5133,10.9294,7.4299,11.3827,5.5324,8.7194,6.1986,9.3016,7.8577,152
10.1837,14.4094,11.5958,10.2981,12.7686,6.9519,8.7956,2.9733,6.5548,3.8167,6.6032,5.0488,153
8.7195,11.3577,9.4147,8.6239,11.7234,6.9764,10.1588,4.2092,8.1652,5.5018,8.4929,6.6566,154
14.6396,11.7963,5.9613,3.622,4.7438,2.8297,8.9655,5.3387,16.1012,4.4677,11.93,9.6043,155
8.9618,9.1012,7.1475,5.5802,8.2271,5.2589,12.6718,6.2091,12.0671,5.7704,10.6327,8.3723,150
10.4495,14.3528,11.4864,9.7771,11.2714,6.0964,7.1542,2.8346,7.9963,4.7713,7.7558,6.0541,151
7.924,9.4354,8.3657,7.6812,10.9909,7.3007,11.0929,5.4396,8.7023,6.0896,9.2584,7.7192,152
10.8885,15.2525,12.0411,10.4455,12.6888,6.834,8.4826,2.9382,6.0268,3.177,6.0479,5.1771,153
9.1271,11.7989,9.7008,8.6968,11.4032,6.784,9.6337,4.1182,8.2638,5.3458,8.4325,6.6952,154
15.3456,12.3383,6.0241,3.5197,4.5215,2.7578,8.6077,5.0708,16.1813,4.1341,11.9905,9.5084,155
8.2146,8.3722,7.0243,5.4869,8.3664,5.5211,13.3897,6.7451,12.3342,5.8159,10.53,8.1996,150
9.6051,13.1878,10.8141,9.5101,11.5368,6.2993,7.8396,3.1444,8.3318,5.2997,8.2615,6.17,151
7.681,9.269,8.3457,7.7337,11.1554,7.3703,11.1863,5.368,8.754,6.1592,9.294,7.6833,152
10.4705,15.1774,12.1879,10.5757,12.5008,6.6465,7.8987,2.6537,6.6218,3.7636,6.4507,5.0527,153
8.7162,11.4,9.5466,8.7177,11.6059,6.8838,9.7739,4.1459,8.3818,5.586,8.599,6.6433,154
14.4019,11.6981,6.008,3.6788,4.8684,2.9809,9.1028,5.379,16.1842,4.4761,11.9458,9.2759,155
8.2387,8.5418,7.1609,5.7141,8.6022,5.6549,13.156,6.5197,11.9149,5.8806,10.438,8.178,150
9.689,12.9049,10.4187,9.1308,11.2991,6.3164,8.2795,3.3074,8.4383,5.3003,8.4712,6.4445,151
7.9806,9.4793,8.4334,7.6447,10.9121,7.2856,11.0452,5.4531,8.7404,6.0242,9.2217,7.7797,152
9.6538,13.4451,10.7911,9.3977,11.4641,6.3722,8.2955,3.2511,8.0636,5.0925,7.9992,6.1741,153
8.8987,11.4939,9.5256,8.7054,11.5582,6.9085,9.7823,4.1672,8.317,5.4204,8.516,6.7068,154
14.997,12.1524,6.0904,3.7071,4.8219,2.8538,8.8742,5.1896,15.6048,4.4692,11.6114,9.6282,155
9.8139,9.752,8.131,5.6295,8.1591,5.9146,10.6836,6.5137,10.4752,5.7073,10.1833,9.0369,157
10.0583,9.9349,8.1731,5.5963,8.0994,6.044,10.4775,6.4411,10.3169,5.6951,10.0988,9.0647,157
9.4279,9.6327,7.6574,5.831,8.5116,5.8539,11.4305,5.8453,10.893,5.8201,10.542,8.5547,158
10.777,10.9702,7.5325,5.7108,8.3687,5.0638,11.5624,5.04,11.2613,5.0811,10.6264,8.0059,158
8.9326,8.7929,7.0261,5.1939,7.853,5.14,12.2233,6.6481,13.1639,5.6602,11.1017,8.2643,159
12.6446,11.817,7.2454,5.1293,7.0131,4.4097,10.6216,4.8715,12.4028,4.2865,10.9932,8.5652,160
12.3795,11.9311,7.4807,5.4049,7.4123,4.5808,10.9572,4.9409,12.1824,4.1174,10.4139,8.1987,160
9.247,8.732,6.837,4.9836,7.4011,4.6244,11.2532,6.8046,14.9349,5.423,11.7913,7.9679,159
8.918,8.9723,7.905,5.971,8.9114,6.78,11.6636,6.6634,10.3684,5.5455,9.8021,8.4994,161
8.9981,8.9577,7.906,5.8262,8.741,6.7426,11.5125,6.7002,10.6039,5.5863,9.9196,8.5059,161
9.7342,11.6034,9.023,8.0956,11.2663,6.9062,10.4639,4.4568,8.0327,5.0539,8.5344,6.8296,162
9.7767,11.7968,9.1741,8.1768,11.2553,6.7871,10.1372,4.2626,8.152,5.1255,8.5644,6.7915,162
8.882,9.6151,7.9148,6.2338,9.2047,6.1972,11.5036,5.6445,9.9438,6.2005,10.2478,8.4123,163
8.7458,9.7044,7.9968,6.5049,9.5868,6.3295,11.6686,5.6121,9.9074,5.9977,9.9314,8.0146,163
9.5168,9.019,7.0615,5.0465,7.6776,5.1445,12.2889,6.6569,11.6645,5.8108,10.932,9.1809,164
8.2531,8.5349,6.735,5.3548,8.8781,5.5083,14.3455,6.2801,11.6773,5.908,10.5417,7.9832,165
9.937,10.8962,8.0369,6.6587,10.4624,6.2159,13.2196,4.9491,9.8001,4.206,9.1144,6.5036,166
9.6047,10.7284,8.0472,6.8267,11.1243,6.494,14.482,5.1605,9.6502,3.6342,8.4368,5.8109,166
9.553,9.4646,7.37,5.3268,8.0908,5.3356,11.8421,5.816,10.6788,6.2236,11.2354,9.0634,168
9.8725,9.7038,7.3276,5.2677,7.8471,5.238,11.6667,5.7747,10.801,6.1462,11.2106,9.144,168
9.0299,8.8365,7.2183,5.417,8.3955,5.8273,12.374,6.554,10.719,6.0306,10.5722,9.0257,164
8.4133,8.801,6.9752,5.7106,9.0487,5.5258,13.384,5.8067,11.6284,5.9621,10.7419,8.0023,165
8.6886,9.5726,8.775,7.2706,9.9279,7.6288,10.5563,6.2218,8.566,5.5874,8.7765,8.4286,169
8.6854,9.4987,8.6939,7.1118,9.7375,7.4877,10.5871,6.2253,8.7711,5.7146,8.9769,8.5101,169
11.4861,10.5683,7.1341,5.0951,7.0695,4.7836,10.3872,5.6485,12.8907,4.9066,11.4049,8.6253,170
11.3741,10.5755,7.1285,5.2401,7.3327,4.9504,10.59,5.5409,12.6971,4.7824,11.321,8.4674,170
8.4872,9.1147,7.8628,6.5716,9.6696,6.9163,12.0062,5.9453,9.6757,5.804,9.692,8.2547,171
8.4572,9.2395,8.0463,6.7768,9.8413,7.012,11.7087,5.7832,9.42,5.8617,9.5879,8.2656,171
10.6102,10.0862,7.1204,5.3879,7.6305,5.1721,11.134,5.7515,12.2491,5.2338,11.08,8.5443,172
10.8838,10.3953,7.3426,5.4842,7.676,5.2831,10.9764,5.6497,11.6834,5.0767,10.8047,8.7441,172
9.3545,12.643,10.2891,9.0256,11.1072,6.2339,7.8027,3.4432,8.8081,5.7172,8.6756,6.9,130
8.4043,9.5645,7.8718,6.9037,10.341,6.6359,12.2066,5.2842,9.53,5.8638,9.6732,7.721,125
13.7996,15.2157,10.0487,8.3277,11.2324,6.1904,9.5098,3.5244,5.9787,1.9628,6.8277,7.3821,173
7.5945,8.2219,6.8291,5.6624,9.8746,6.3981,15.866,6.1309,10.5607,5.7092,9.7057,7.4467,129
8.9519,10.2398,8.093,7.0607,10.6975,6.652,12.3763,4.9515,9.343,5.2156,9.2781,7.1407,125
8.8322,8.154,6.0952,4.7639,7.9964,4.9471,14.9103,6.7098,13.0579,5.1263,11.4079,7.9989,128
9.3727,12.3932,10.0838,8.8113,10.879,6.3126,7.9069,3.7311,8.8495,5.7446,8.7471,7.1683,130
9.8522,12.5445,9.7467,8.5186,11.2492,6.4201,9.4511,3.6928,8.6163,5.0016,8.6046,6.3024,123
13.0274,13.6831,9.0497,6.777,8.5607,5.1195,8.3228,3.6756,9.0767,4.5234,9.5442,8.64,133
8.7975,11.1562,9.3639,8.6478,11.3536,6.8348,9.0487,4.5734,8.4735,5.7572,8.706,7.2875,132
10.3889,9.5634,6.817,5.182,7.6964,5.1842,11.8582,5.9188,12.8732,5.0323,11.4055,8.08,126
10.0512,10.7239,8.0752,6.5536,9.4861,6.0217,10.4113,4.6704,9.472,5.9879,10.0227,8.5239,131
9.6284,8.7022,6.1513,4.8063,7.8328,4.7147,14.3156,6.3953,13.1553,4.7843,11.4676,8.0463,128
13.0749,13.2973,8.7106,6.4793,8.3666,5.0986,8.4517,3.7424,9.1681,4.6542,9.9714,8.9849,133
7.5977,9.2202,7.8766,7.0341,10.9274,6.8298,12.2277,4.9669,9.3495,6.5283,9.9298,7.5122,174
10.4653,9.5727,6.7271,5.1689,7.9033,5.2044,12.2423,5.7475,12.6118,4.8185,11.5801,7.9581,126
8.3829,10.3684,8.9868,8.3227,11.1903,7.2003,9.5034,5.0289,8.561,5.9244,8.8812,7.6497,132
10.1828,10.8021,8.1185,6.6485,9.4501,6.0932,10.0722,4.5491,9.636,5.8718,10.0632,8.5127,131
9.5079,11.3727,8.9675,7.6856,10.231,6.2351,9.5952,4.4418,9.2516,5.703,9.4887,7.5199,123
7.6387,8.202,6.8091,5.7572,9.9657,6.3423,15.901,6.1393,10.9538,5.4762,9.6794,7.1352,129
16.9282,16.1367,8.3386,4.6544,5.4221,3.1422,7.9774,3.6466,11.281,3.2384,9.3619,9.8724,127
11.0935,10.2485,7.3337,5.2933,7.3565,4.9982,10.9867,6.1153,10.6165,5.5114,10.708,9.7385,124
13.1806,13.7635,9.0559,6.7443,8.5467,5.1091,8.2166,3.6288,8.9445,4.4579,9.6328,8.7193,133
9.6711,8.7792,6.131,4.8151,7.9345,4.7548,14.6452,6.4357,13.1641,4.5688,11.2625,7.8378,128
7.7617,8.5281,6.9744,5.9636,10.0602,6.2749,15.6016,5.8368,11.0003,5.4216,9.6475,6.9293,129
8.5802,9.9023,8.3527,7.2973,10.2056,7.0731,9.9577,4.9612,9.3244,6.3121,9.8587,8.1748,175
9.1642,10.5834,8.4721,7.3105,10.0914,6.6128,9.4637,4.6242,9.4789,6.1619,9.9253,8.1115,175
9.4952,11.9722,9.4518,8.4175,12.4458,7.1965,11.4147,3.9674,7.2731,4.4804,7.9043,5.981,177
9.7462,11.9708,9.2139,8.0098,11.9886,7.0141,11.7143,4.0524,7.6587,4.3796,8.0324,6.2192,177
9.7602,9.7944,8.0033,6.0255,8.5006,5.9884,10.5514,5.8431,10.306,5.8501,10.4561,8.9207,178
9.7141,9.6731,7.9931,6.0201,8.5001,6.0607,10.8797,5.989,10.095,5.7731,10.3248,8.9772,178
10.3622,9.1587,6.1852,4.7933,7.0325,4.1609,11.6323,5.9557,15.5025,4.7097,12.7044,7.8025,179
9.8401,8.7926,6.1675,4.7979,7.0952,4.2334,11.917,6.2479,15.8314,4.8196,12.5795,7.6778,179
10.1398,10.0153,7.3842,5.5351,7.8903,5.0274,10.9642,5.5959,11.8886,5.7091,11.1789,8.6712,180
10.1096,9.9422,7.2274,5.5168,7.9613,4.9124,11.1391,5.4195,12.4803,5.5901,11.3912,8.3101,180
9.8054,13.5093,11.3723,10.4741,14.3317,7.7976,11.1217,3.7005,5.4204,2.3426,5.467,4.6575,181
9.1479,11.3424,9.6047,8.4575,11.5115,7.1767,10.7808,4.7915,7.7029,4.6159,7.9381,6.9301,181
10.039,9.4378,7.6277,5.2062,7.6707,5.6205,10.746,6.9123,11.5271,5.6237,10.554,9.0351,184
9.928,9.5172,7.906,5.3646,7.8819,6.1057,10.4791,7.0088,11.084,5.6325,10.2872,8.805,184
9.5455,9.1991,7.9849,5.4464,8.0143,6.1487,11.186,6.7888,10.5196,5.7621,10.3788,9.0257,185
9.7342,9.4646,7.9665,5.479,7.9957,5.8575,10.9862,6.6784,10.6912,5.659,10.4145,9.0732,185
10.573,10.0252,7.1943,5.317,7.7827,5.1654,11.2441,5.7098,11.2773,5.6269,11.0314,9.0528,186
10.0123,9.5888,7.2037,5.4257,8.0543,5.4165,11.4763,5.8586,11.0889,5.8876,10.9767,9.0104,186
8.0867,8.6342,7.5533,5.9564,9.2461,6.0795,12.5215,6.201,10.8582,6.1717,10.3294,8.3621,187
7.2446,8.4346,7.8116,6.7157,10.5435,7.2707,12.4002,5.5987,9.2175,6.7233,9.8217,8.2179,187
14.3589,11.9069,6.4987,4.3793,6.1587,3.6864,9.5236,4.5707,12.687,4.1481,12.3244,9.7572,188
14.345,12.0453,6.5978,4.3282,6.0607,3.728,9.6326,4.738,12.9696,4.0921,11.9581,9.5048,188
9.7151,9.642,8.2223,5.8735,8.3141,6.7019,10.3576,6.6252,10.1073,5.6884,9.9482,8.8045,190
9.8752,9.7905,8.2784,5.8551,8.3212,6.6179,10.3136,6.48,9.9741,5.6752,9.962,8.8568,190
8.5533,8.7733,7.5164,5.7181,9.1389,6.4262,12.4433,5.9444,9.9678,6.3654,10.3337,8.8194,192
8.734,8.8996,7.6311,5.6893,8.9982,6.4352,12.2789,5.9823,9.8786,6.2759,10.2789,8.9179,192
10.8245,11.5353,8.4321,6.9129,9.7432,5.9098,11.0128,4.6676,9.8824,4.1898,9.5933,7.2963,193
11.4976,10.6254,7.4482,4.7858,7.1209,4.4477,10.3979,5.7547,11.6351,5.7192,11.0935,9.4742,194
10.9571,10.3028,7.7546,5.1295,7.5365,5.1457,10.366,6.0439,11.0922,5.5878,10.7217,9.3622,194
9.7291,9.2479,7.7707,4.9631,7.75,5.9748,10.1707,6.8976,11.9418,6.0329,10.9123,8.6089,195
9.6441,9.0311,7.6369,4.7909,7.7043,5.9351,10.1067,7.0311,12.4122,6.1201,11.1799,8.4077,195
9.8323,10.1523,8.0549,5.8483,8.3495,5.6157,10.8848,5.9669,10.6524,5.6564,10.3196,8.667,197
10.1372,10.3439,7.9989,5.7492,8.0984,5.5413,10.8157,5.9967,10.9134,5.547,10.284,8.5742,197
10.5136,9.349,6.2816,4.6317,6.7665,4.4763,11.7819,6.1204,15.4415,4.6638,12.4675,7.5062,198
10.1988,9.3751,6.3545,4.8675,7.1471,4.5449,12.25,5.9703,15.3605,4.6341,12.1225,7.1747,198
9.6675,11.7864,9.0875,7.8919,10.7376,6.4512,9.9698,4.1353,8.8631,5.4982,9.0247,6.8867,199
12.4758,14.8048,10.4552,8.3778,10.7966,6.1779,9.2179,3.4525,7.0653,3.0906,7.3972,6.6884,199
10.48,12.8716,9.6742,8.1945,10.7903,6.3223,9.5079,3.7919,8.3929,4.8256,8.3912,6.7574,199
10.2416,12.5888,9.4852,7.9521,10.445,6.219,9.4052,3.9144,8.8481,5.2012,8.7791,6.9204,199
14.0611,12.5464,7.1716,4.7999,6.3829,3.949,9.7657,4.5443,11.9498,4.3716,10.918,9.5397,202
8.3036,10.1907,8.3797,7.823,12.3046,7.6766,13.1763,4.9547,7.855,4.8237,8.3101,6.2021,203
14.0076,15.2964,9.9799,8.2373,11.1896,6.2476,9.5964,3.5664,5.7962,1.8789,6.7236,7.4801,173
9.4162,13.5412,11.5262,10.4669,12.9335,7.086,8.4466,3.2684,6.9214,4.339,6.844,5.2106,204
7.8936,9.0253,7.7951,6.7264,10.3564,6.8738,12.0113,5.2991,9.4751,6.465,10.0058,8.073,174
13.5239,14.983,9.9369,8.3582,11.4675,6.3724,9.9425,3.6442,5.9741,1.8998,6.7062,7.1912,173
9.0669,12.1568,9.9385,9.3233,12.6536,6.9583,9.9985,3.526,7.7487,4.9461,8.1504,5.533,205
9.7364,12.3698,9.9578,8.5392,10.4609,6.3362,8.3479,4.1922,8.6831,5.4727,8.6408,7.263,206
7.574,9.0088,7.9879,7.028,10.7584,7.1938,11.9947,5.2535,9.1092,6.4512,9.7757,7.8647,174
12.6463,10.2436,5.7505,3.9013,5.3026,3.3033,10.6999,5.8881,17.0115,3.743,12.9858,8.5239,207
12.1137,17.461,14.4373,11.951,12.6901,6.7941,5.997,2.0589,4.5857,2.2047,4.3913,5.3152,208
13.3239,14.9129,9.9386,8.4316,11.5798,6.3886,9.9363,3.6446,6.0683,1.9962,6.7832,6.996,173
7.4067,8.7517,7.8366,6.9012,10.81,7.1891,12.4053,5.3815,9.1212,6.5254,9.8224,7.8489,174
10.1264,12.709,9.9635,8.3214,10.061,6.0875,8.1189,4.1045,8.8455,5.4645,8.7336,7.4641,206
11.5847,17.0938,14.4469,12.2341,13.351,7.0512,6.3357,2.0841,4.4142,2.2185,4.2035,4.9824,208
14.7565,15.6458,10.0393,8.2347,10.9617,6.1772,9.244,3.4568,5.6927,1.9251,6.3657,7.5004,173
8.9739,12.1216,9.9149,9.2614,12.5657,6.8983,9.9414,3.4731,7.8797,5.1118,8.2726,5.5857,205
12.5035,10.1677,5.8217,4.0383,5.5761,3.4169,10.8375,5.9045,16.9254,3.7548,12.826,8.2277,207
8.5179,10.1548,8.3719,7.7153,12.2838,7.7174,13.346,5.0154,7.7546,4.58,8.2632,6.2798,203
7.741,9.3631,8.0308,7.2432,11.0199,7.0178,11.8948,4.9859,9.1867,6.2948,9.7356,7.4864,174
11.4365,16.7897,14.1827,12.0791,13.335,7.0492,6.4967,2.1823,4.6562,2.3897,4.4156,4.9872,208
13.4804,12.0707,7.0941,4.9977,6.6576,4.0626,9.7699,4.531,12.1197,4.562,11.4214,9.2329,202
9.1374,11.7847,9.7503,8.6065,10.976,6.6453,8.8616,4.2774,8.5919,5.6191,8.6606,7.0892,206
12.2272,9.8406,5.5783,3.8508,5.251,3.2031,10.6207,5.959,17.9745,3.7634,13.6471,8.0843,207
9.2036,12.1317,9.767,9.1391,12.4249,6.8257,9.9894,3.4641,7.9564,5.0087,8.3876,5.7018,205
9.362,13.7981,11.8637,10.8237,13.2853,7.1632,8.3033,3.0499,6.6535,4.2158,6.5718,4.9098,204
8.5419,10.1226,8.2615,7.6223,12.3846,7.7909,13.6705,5.093,7.7281,4.4532,8.1564,6.1751,203
11.6977,17.0965,14.327,12.1737,13.5731,7.0848,6.5721,2.1467,4.1423,2.1011,4.0988,4.9861,208
11.4133,12.5274,8.73,6.9535,9.3669,5.5775,10.2994,4.1922,9.8757,4.3293,9.4065,7.3283,209
11.344,12.3891,8.5853,6.7657,9.1765,5.421,10.2978,4.2284,10.2292,4.498,9.6505,7.4146,209
10.9768,11.9975,8.4629,6.8555,9.6484,5.8098,10.8619,4.3543,9.7779,4.4833,9.3873,7.3843,209
11.1308,12.1857,8.5937,6.7854,9.1603,5.4917,10.2021,4.2742,10.3602,4.6424,9.7577,7.4158,209
11.2529,12.2071,8.504,6.6327,8.8622,5.4523,10.1432,4.42,10.3181,4.7502,9.7302,7.7272,209
11.1481,12.1298,8.453,6.6754,9.1671,5.545,10.419,4.2891,10.1387,4.7412,9.6184,7.6753,209
11.1856,12.255,8.5924,6.8293,9.2902,5.61,10.2971,4.2845,9.9969,4.6123,9.5264,7.5203,209
8.6695,8.9911,8.2048,6.1933,8.866,6.794,12.0525,6.8454,9.3168,5.6735,9.4833,8.9098,210
8.8345,9.1191,8.03,6.0128,8.7189,6.6273,12.2448,6.7473,9.2907,5.7514,9.6117,9.0115,210
9.7726,12.4704,9.8829,8.8203,12.1732,6.9756,10.7131,4.011,7.4556,4.113,7.5426,6.0697,211
9.0712,11.6824,9.5389,8.7676,12.5604,7.3304,11.4908,4.2898,7.385,4.3262,7.562,5.9955,211
13.4205,12.7079,7.7618,5.5101,7.6187,4.7656,9.6346,4.211,10.3164,4.3631,10.6733,9.017,212
12.7688,12.6568,8.0287,5.7472,7.9883,4.9784,9.7389,4.2848,10.1621,4.6104,10.2748,8.7606,212
12.7165,12.3906,7.8586,5.5259,7.4133,4.7071,9.695,4.4763,10.7646,4.7698,10.6512,9.031,212
10.1024,9.882,7.1932,5.5194,8.382,5.2222,11.1862,5.2166,11.2561,6.0246,11.3541,8.6611,213
